code,time_key,open,close,high,low,pe_ratio,turnover_rate,volume,turnover,change_rate,last_close
HK.02333,2020-11-23 09:30:00,15.4,15.4,15.4,15.4,0.0,0.0,166000,2556400.0,0.0,15.2
HK.02333,2020-11-23 09:31:00,15.42,15.68,15.68,15.4,0.0,0.0,1688000,26243190.0,1.818181818181814,15.4
HK.02333,2020-11-23 09:32:00,15.66,15.48,15.66,15.46,0.0,0.0,370500,5768980.0,-1.2755102040816282,15.68
HK.02333,2020-11-23 09:33:00,15.46,15.4,15.5,15.3,0.0,0.0,733500,11314920.0,-0.5167958656330753,15.48
HK.02333,2020-11-23 09:34:00,15.38,15.2,15.4,15.14,0.0,0.0,557000,8491020.0,-1.2987012987013056,15.4
HK.02333,2020-11-23 09:35:00,15.24,15.22,15.3,15.16,0.0,0.0,151500,2309150.0,0.13157894736842993,15.2
HK.02333,2020-11-23 09:36:00,15.22,15.22,15.28,15.18,0.0,0.0,315500,4801000.0,0.0,15.22
HK.02333,2020-11-23 09:37:00,15.22,15.28,15.28,15.1,0.0,0.0,775500,11790880.0,0.3942181340341571,15.22
HK.02333,2020-11-23 09:38:00,15.28,15.26,15.32,15.24,0.0,0.0,199000,3043680.0,-0.13089005235601817,15.28
HK.02333,2020-11-23 09:39:00,15.28,15.22,15.32,15.22,0.0,0.0,289000,4418540.0,-0.2621231979030088,15.26
HK.02333,2020-11-23 09:40:00,15.22,15.26,15.28,15.2,0.0,0.0,153000,2330870.0,0.26281208935610473,15.22
HK.02333,2020-11-23 09:41:00,15.28,15.3,15.3,15.28,0.0,0.0,100500,1536550.0,0.26212319790302047,15.26
HK.02333,2020-11-23 09:42:00,15.28,15.2,15.28,15.2,0.0,0.0,450500,6857630.0,-0.6535947712418394,15.3
HK.02333,2020-11-23 09:43:00,15.18,15.24,15.26,15.12,0.0,0.0,541500,8225060.0,0.2631578947368482,15.2
HK.02333,2020-11-23 09:44:00,15.26,15.3,15.32,15.24,0.0,0.0,163500,2499960.0,0.3937007874015781,15.24
HK.02333,2020-11-23 09:45:00,15.3,15.26,15.36,15.24,0.0,0.0,566500,8681660.0,-0.26143790849673804,15.3
HK.02333,2020-11-23 09:46:00,15.24,15.36,15.36,15.24,0.0,0.0,214500,3283990.0,0.6553079947575338,15.26
HK.02333,2020-11-23 09:47:00,15.34,15.34,15.36,15.32,0.0,0.0,173500,2662120.0,-0.13020833333333057,15.36
HK.02333,2020-11-23 09:48:00,15.32,15.3,15.34,15.28,0.0,0.0,197500,3024850.0,-0.26075619295957725,15.34
HK.02333,2020-11-23 09:49:00,15.32,15.32,15.34,15.3,0.0,0.0,171500,2625850.0,0.13071895424836322,15.3
HK.02333,2020-11-23 09:50:00,15.32,15.46,15.48,15.32,0.0,0.0,387000,5966970.0,0.9138381201044423,15.32
HK.02333,2020-11-23 09:51:00,15.46,15.44,15.5,15.42,0.0,0.0,468000,7239460.0,-0.1293661060802157,15.46
HK.02333,2020-11-23 09:52:00,15.44,15.42,15.46,15.42,0.0,0.0,89000,1374010.0,-0.12953367875647392,15.44
HK.02333,2020-11-23 09:53:00,15.42,15.4,15.44,15.38,0.0,0.0,135000,2079300.0,-0.12970168612191682,15.42
HK.02333,2020-11-23 09:54:00,15.42,15.42,15.44,15.4,0.0,0.0,150000,2314020.0,0.12987012987012708,15.4
HK.02333,2020-11-23 09:55:00,15.42,15.42,15.44,15.4,0.0,0.0,137500,2119030.0,0.0,15.42
HK.02333,2020-11-23 09:56:00,15.42,15.42,15.42,15.38,0.0,0.0,149000,2294270.0,0.0,15.42
HK.02333,2020-11-23 09:57:00,15.42,15.4,15.42,15.38,0.0,0.0,73000,1124280.0,-0.12970168612191682,15.42
HK.02333,2020-11-23 09:58:00,15.4,15.46,15.46,15.36,0.0,0.0,227500,3507900.0,0.3896103896103928,15.4
HK.02333,2020-11-23 09:59:00,15.46,15.46,15.48,15.44,0.0,0.0,176000,2720570.0,0.0,15.46
HK.02333,2020-11-23 10:00:00,15.48,15.46,15.48,15.44,0.0,0.0,81500,1260750.0,0.0,15.46
HK.02333,2020-11-23 10:01:00,15.48,15.46,15.48,15.44,0.0,0.0,91500,1415240.0,0.0,15.46
HK.02333,2020-11-23 10:02:00,15.46,15.5,15.5,15.46,0.0,0.0,150000,2321690.0,0.2587322121604084,15.46
HK.02333,2020-11-23 10:03:00,15.5,15.5,15.5,15.46,0.0,0.0,142500,2206420.0,0.0,15.5
HK.02333,2020-11-23 10:04:00,15.5,15.56,15.62,15.48,0.0,0.0,1212000,18822010.0,0.3870967741935516,15.5
HK.02333,2020-11-23 10:05:00,15.56,15.64,15.66,15.56,0.0,0.0,364500,5690810.0,0.5141388174807203,15.56
HK.02333,2020-11-23 10:06:00,15.62,15.66,15.68,15.62,0.0,0.0,106500,1667420.0,0.1278772378516597,15.64
HK.02333,2020-11-23 10:07:00,15.68,15.66,15.68,15.64,0.0,0.0,92000,1440500.0,0.0,15.66
HK.02333,2020-11-23 10:08:00,15.66,15.66,15.66,15.64,0.0,0.0,150500,2355510.0,0.0,15.66
HK.02333,2020-11-23 10:09:00,15.66,15.6,15.68,15.58,0.0,0.0,187000,2921810.0,-0.38314176245211046,15.66
HK.02333,2020-11-23 10:10:00,15.6,15.56,15.6,15.56,0.0,0.0,64000,997620.0,-0.25641025641025095,15.6
HK.02333,2020-11-23 10:11:00,15.58,15.62,15.62,15.56,0.0,0.0,198500,3094760.0,0.3856041131105316,15.56
HK.02333,2020-11-23 10:12:00,15.62,15.56,15.62,15.56,0.0,0.0,75000,1169080.0,-0.38412291933417875,15.62
HK.02333,2020-11-23 10:13:00,15.56,15.54,15.58,15.52,0.0,0.0,86500,1345050.0,-0.1285347043701886,15.56
HK.02333,2020-11-23 10:14:00,15.56,15.56,15.6,15.56,0.0,0.0,87500,1362160.0,0.1287001287001374,15.54
HK.02333,2020-11-23 10:15:00,15.56,15.5,15.56,15.5,0.0,0.0,290000,4500020.0,-0.38560411311054305,15.56
HK.02333,2020-11-23 10:16:00,15.52,15.52,15.56,15.52,0.0,0.0,89500,1390430.0,0.12903225806451338,15.5
HK.02333,2020-11-23 10:17:00,15.52,15.5,15.52,15.5,0.0,0.0,174000,2697320.0,-0.12886597938144057,15.52
HK.02333,2020-11-23 10:18:00,15.5,15.56,15.58,15.5,0.0,0.0,328000,5093360.0,0.3870967741935516,15.5
HK.02333,2020-11-23 10:19:00,15.58,15.56,15.58,15.52,0.0,0.0,64000,996540.0,0.0,15.56
HK.02333,2020-11-23 10:20:00,15.56,15.6,15.6,15.56,0.0,0.0,230500,3594130.0,0.2570694087403544,15.56
HK.02333,2020-11-23 10:21:00,15.58,15.58,15.6,15.54,0.0,0.0,203500,3168370.0,-0.12820512820512547,15.6
HK.02333,2020-11-23 10:22:00,15.58,15.58,15.6,15.54,0.0,0.0,70000,1090230.0,0.0,15.58
HK.02333,2020-11-23 10:23:00,15.58,15.58,15.58,15.54,0.0,0.0,26000,404720.0,0.0,15.58
HK.02333,2020-11-23 10:24:00,15.56,15.56,15.56,15.52,0.0,0.0,60500,940070.0,-0.12836970474967632,15.58
HK.02333,2020-11-23 10:25:00,15.54,15.54,15.56,15.54,0.0,0.0,12500,194420.0,-0.1285347043701886,15.56
HK.02333,2020-11-23 10:26:00,15.54,15.52,15.54,15.52,0.0,0.0,66500,1033040.0,-0.12870012870012595,15.54
HK.02333,2020-11-23 10:27:00,15.54,15.5,15.54,15.48,0.0,0.0,638500,9903960.0,-0.12886597938144057,15.52
HK.02333,2020-11-23 10:28:00,15.5,15.46,15.5,15.44,0.0,0.0,200000,3095080.0,-0.25806451612902676,15.5
HK.02333,2020-11-23 10:29:00,15.46,15.48,15.48,15.46,0.0,0.0,54500,843530.0,0.1293661060802042,15.46
HK.02333,2020-11-23 10:30:00,15.5,15.5,15.5,15.46,0.0,0.0,32000,495500.0,0.12919896640826598,15.48
HK.02333,2020-11-23 10:31:00,15.5,15.5,15.5,15.48,0.0,0.0,13000,201380.0,0.0,15.5
HK.02333,2020-11-23 10:32:00,15.5,15.46,15.5,15.46,0.0,0.0,81000,1253630.0,-0.25806451612902676,15.5
HK.02333,2020-11-23 10:33:00,15.46,15.46,15.48,15.46,0.0,0.0,30000,464290.0,0.0,15.46
HK.02333,2020-11-23 10:34:00,15.48,15.48,15.48,15.46,0.0,0.0,69000,1067400.0,0.1293661060802042,15.46
HK.02333,2020-11-23 10:35:00,15.46,15.44,15.46,15.42,0.0,0.0,95000,1467280.0,-0.25839793281654344,15.48
HK.02333,2020-11-23 10:36:00,15.44,15.48,15.48,15.44,0.0,0.0,75000,1160420.0,0.25906735751295934,15.44
HK.02333,2020-11-23 10:37:00,15.48,15.44,15.48,15.44,0.0,0.0,120000,1855030.0,-0.25839793281654344,15.48
HK.02333,2020-11-23 10:38:00,15.44,15.44,15.46,15.38,0.0,0.0,368000,5670280.0,0.0,15.44
HK.02333,2020-11-23 10:39:00,15.42,15.4,15.46,15.4,0.0,0.0,169000,2607740.0,-0.25906735751294785,15.44
HK.02333,2020-11-23 10:40:00,15.42,15.42,15.44,15.4,0.0,0.0,56000,863830.0,0.12987012987012708,15.4
HK.02333,2020-11-23 10:41:00,15.42,15.46,15.46,15.42,0.0,0.0,80000,1235150.0,0.25940337224384513,15.42
HK.02333,2020-11-23 10:42:00,15.46,15.42,15.46,15.42,0.0,0.0,57500,887740.0,-0.2587322121604199,15.46
HK.02333,2020-11-23 10:43:00,15.44,15.44,15.46,15.44,0.0,0.0,62500,965060.0,0.12970168612191682,15.42
HK.02333,2020-11-23 10:44:00,15.44,15.42,15.44,15.42,0.0,0.0,26000,401160.0,-0.12953367875647392,15.44
HK.02333,2020-11-23 10:45:00,15.44,15.44,15.44,15.42,0.0,0.0,36000,555760.0,0.12970168612191682,15.42
HK.02333,2020-11-23 10:46:00,15.46,15.46,15.46,15.44,0.0,0.0,21500,332070.0,0.12953367875648542,15.44
HK.02333,2020-11-23 10:47:00,15.46,15.44,15.46,15.44,0.0,0.0,76000,1173610.0,-0.1293661060802157,15.46
HK.02333,2020-11-23 10:48:00,15.44,15.44,15.46,15.42,0.0,0.0,159000,2453310.0,0.0,15.44
HK.02333,2020-11-23 10:49:00,15.44,15.42,15.44,15.42,0.0,0.0,95500,1472790.0,-0.12953367875647392,15.44
HK.02333,2020-11-23 10:50:00,15.42,15.42,15.44,15.42,0.0,0.0,23000,354760.0,0.0,15.42
HK.02333,2020-11-23 10:51:00,15.42,15.48,15.48,15.42,0.0,0.0,173000,2672380.0,0.389105058365762,15.42
HK.02333,2020-11-23 10:52:00,15.48,15.54,15.56,15.48,0.0,0.0,684000,10606930.0,0.3875968992247979,15.48
HK.02333,2020-11-23 10:53:00,15.54,15.58,15.6,15.54,0.0,0.0,125500,1953260.0,0.2574002574002634,15.54
HK.02333,2020-11-23 10:54:00,15.6,15.66,15.66,15.58,0.0,0.0,563000,8787290.0,0.5134788189987168,15.58
HK.02333,2020-11-23 10:55:00,15.66,15.64,15.68,15.64,0.0,0.0,161000,2521860.0,-0.12771392081736638,15.66
HK.02333,2020-11-23 10:56:00,15.62,15.62,15.66,15.62,0.0,0.0,72000,1125460.0,-0.12787723785167102,15.64
HK.02333,2020-11-23 10:57:00,15.62,15.6,15.62,15.6,0.0,0.0,70500,1100360.0,-0.12804097311139293,15.62
HK.02333,2020-11-23 10:58:00,15.6,15.62,15.68,15.6,0.0,0.0,117500,1838580.0,0.12820512820512547,15.6
HK.02333,2020-11-23 10:59:00,15.6,15.64,15.64,15.6,0.0,0.0,48500,757390.0,0.1280409731114043,15.62
HK.02333,2020-11-23 11:00:00,15.62,15.74,15.76,15.62,0.0,0.0,1436000,22546090.0,0.6393861892583097,15.64
HK.02333,2020-11-23 11:01:00,15.74,15.7,15.74,15.7,0.0,0.0,220500,3463430.0,-0.2541296060991164,15.74
HK.02333,2020-11-23 11:02:00,15.72,15.76,15.76,15.72,0.0,0.0,52500,826170.0,0.3821656050955446,15.7
HK.02333,2020-11-23 11:03:00,15.76,15.72,15.76,15.72,0.0,0.0,351500,5535350.0,-0.25380710659897937,15.76
HK.02333,2020-11-23 11:04:00,15.74,15.72,15.74,15.72,0.0,0.0,86500,1359850.0,0.0,15.72
HK.02333,2020-11-23 11:05:00,15.72,15.7,15.72,15.7,0.0,0.0,15000,235590.0,-0.12722646310433428,15.72
HK.02333,2020-11-23 11:06:00,15.7,15.62,15.7,15.62,0.0,0.0,864500,13566940.0,-0.509554140127389,15.7
HK.02333,2020-11-23 11:07:00,15.62,15.68,15.68,15.62,0.0,0.0,96000,1501970.0,0.3841229193341901,15.62
HK.02333,2020-11-23 11:08:00,15.7,15.7,15.7,15.7,0.0,0.0,11000,172700.0,0.12755102040816055,15.68
HK.02333,2020-11-23 11:09:00,15.7,15.68,15.7,15.68,0.0,0.0,121500,1905820.0,-0.1273885350318444,15.7
HK.02333,2020-11-23 11:10:00,15.68,15.66,15.68,15.62,0.0,0.0,167000,2612640.0,-0.12755102040816055,15.68
HK.02333,2020-11-23 11:11:00,15.66,15.68,15.68,15.66,0.0,0.0,20500,321070.0,0.12771392081736638,15.66
HK.02333,2020-11-23 11:12:00,15.66,15.64,15.68,15.64,0.0,0.0,50000,782250.0,-0.2551020408163211,15.68
HK.02333,2020-11-23 11:13:00,15.66,15.64,15.66,15.64,0.0,0.0,65000,1017280.0,0.0,15.64
HK.02333,2020-11-23 11:14:00,15.66,15.66,15.66,15.66,0.0,0.0,23500,368010.0,0.1278772378516597,15.64
HK.02333,2020-11-23 11:15:00,15.64,15.66,15.66,15.64,0.0,0.0,70000,1096090.0,0.0,15.66
HK.02333,2020-11-23 11:16:00,15.66,15.68,15.68,15.66,0.0,0.0,13000,203740.0,0.12771392081736638,15.66
HK.02333,2020-11-23 11:17:00,15.68,15.66,15.68,15.66,0.0,0.0,22500,352420.0,-0.12755102040816055,15.68
HK.02333,2020-11-23 11:18:00,15.64,15.64,15.66,15.64,0.0,0.0,20500,320670.0,-0.12771392081736638,15.66
HK.02333,2020-11-23 11:19:00,15.64,15.66,15.66,15.64,0.0,0.0,32500,508850.0,0.1278772378516597,15.64
HK.02333,2020-11-23 11:20:00,15.66,15.64,15.66,15.64,0.0,0.0,28500,445890.0,-0.12771392081736638,15.66
HK.02333,2020-11-23 11:21:00,15.64,15.68,15.68,15.64,0.0,0.0,207500,3250170.0,0.2557544757033194,15.64
HK.02333,2020-11-23 11:22:00,15.66,15.7,15.7,15.66,0.0,0.0,150500,2360260.0,0.12755102040816055,15.68
HK.02333,2020-11-23 11:23:00,15.68,15.72,15.76,15.66,0.0,0.0,569000,8954070.0,0.12738853503185574,15.7
HK.02333,2020-11-23 11:24:00,15.74,15.76,15.8,15.72,0.0,0.0,481000,7590620.0,0.25445292620864596,15.72
HK.02333,2020-11-23 11:25:00,15.78,15.74,15.8,15.72,0.0,0.0,231000,3644030.0,-0.12690355329948969,15.76
HK.02333,2020-11-23 11:26:00,15.74,15.74,15.74,15.7,0.0,0.0,97500,1533220.0,0.0,15.74
HK.02333,2020-11-23 11:27:00,15.76,15.76,15.76,15.74,0.0,0.0,39000,614470.0,0.12706480304955256,15.74
HK.02333,2020-11-23 11:28:00,15.78,15.78,15.78,15.76,0.0,0.0,21500,339250.0,0.12690355329948969,15.76
HK.02333,2020-11-23 11:29:00,15.78,15.78,15.78,15.76,0.0,0.0,23000,362810.0,0.0,15.78
HK.02333,2020-11-23 11:30:00,15.76,15.78,15.78,15.76,0.0,0.0,65500,1032770.0,0.0,15.78
HK.02333,2020-11-23 11:31:00,15.8,15.78,15.8,15.76,0.0,0.0,54500,859820.0,0.0,15.78
HK.02333,2020-11-23 11:32:00,15.78,15.78,15.8,15.78,0.0,0.0,63000,994310.0,0.0,15.78
HK.02333,2020-11-23 11:33:00,15.78,15.78,15.78,15.76,0.0,0.0,9500,149890.0,0.0,15.78
HK.02333,2020-11-23 11:34:00,15.78,15.82,15.86,15.76,0.0,0.0,660500,10436830.0,0.2534854245880921,15.78
HK.02333,2020-11-23 11:35:00,15.82,15.78,15.82,15.78,0.0,0.0,117000,1849690.0,-0.2528445006321171,15.82
HK.02333,2020-11-23 11:36:00,15.78,15.8,15.8,15.78,0.0,0.0,14000,221150.0,0.12674271229405165,15.78
HK.02333,2020-11-23 11:37:00,15.78,15.8,15.8,15.78,0.0,0.0,190500,3008470.0,0.0,15.8
HK.02333,2020-11-23 11:38:00,15.8,15.8,15.84,15.8,0.0,0.0,79000,1249110.0,0.0,15.8
HK.02333,2020-11-23 11:39:00,15.82,15.78,15.82,15.76,0.0,0.0,225500,3561150.0,-0.12658227848102122,15.8
HK.02333,2020-11-23 11:40:00,15.76,15.76,15.76,15.74,0.0,0.0,8000,126030.0,-0.12674271229404038,15.78
HK.02333,2020-11-23 11:41:00,15.76,15.76,15.8,15.76,0.0,0.0,138500,2185790.0,0.0,15.76
HK.02333,2020-11-23 11:42:00,15.76,15.76,15.78,15.74,0.0,0.0,138500,2184940.0,0.0,15.76
HK.02333,2020-11-23 11:43:00,15.76,15.76,15.8,15.76,0.0,0.0,220500,3479820.0,0.0,15.76
HK.02333,2020-11-23 11:44:00,15.76,15.74,15.76,15.74,0.0,0.0,58500,921220.0,-0.12690355329948969,15.76
HK.02333,2020-11-23 11:45:00,15.74,15.76,15.76,15.72,0.0,0.0,114500,1802440.0,0.12706480304955256,15.74
HK.02333,2020-11-23 11:46:00,15.78,15.78,15.78,15.76,0.0,0.0,16000,252290.0,0.12690355329948969,15.76
HK.02333,2020-11-23 11:47:00,15.78,15.82,15.82,15.76,0.0,0.0,128000,2021640.0,0.2534854245880921,15.78
HK.02333,2020-11-23 11:48:00,15.82,15.78,15.82,15.76,0.0,0.0,65500,1034280.0,-0.2528445006321171,15.82
HK.02333,2020-11-23 11:49:00,15.78,15.72,15.78,15.72,0.0,0.0,78500,1236330.0,-0.3802281368821212,15.78
HK.02333,2020-11-23 11:50:00,15.72,15.72,15.74,15.66,0.0,0.0,143000,2242010.0,0.0,15.72
HK.02333,2020-11-23 11:51:00,15.74,15.7,15.74,15.68,0.0,0.0,49000,770390.0,-0.12722646310433428,15.72
HK.02333,2020-11-23 11:52:00,15.72,15.72,15.72,15.7,0.0,0.0,25500,400530.0,0.12738853503185574,15.7
HK.02333,2020-11-23 11:53:00,15.72,15.76,15.76,15.72,0.0,0.0,25000,393790.0,0.25445292620864596,15.72
HK.02333,2020-11-23 11:54:00,15.76,15.76,15.76,15.76,0.0,0.0,21500,338840.0,0.0,15.76
HK.02333,2020-11-23 11:55:00,15.76,15.78,15.8,15.74,0.0,0.0,137000,2159670.0,0.12690355329948969,15.76
HK.02333,2020-11-23 11:56:00,15.8,15.78,15.8,15.76,0.0,0.0,100500,1585580.0,0.0,15.78
HK.02333,2020-11-23 11:57:00,15.76,15.76,15.76,15.76,0.0,0.0,58000,914080.0,-0.12674271229404038,15.78
HK.02333,2020-11-23 11:58:00,15.74,15.74,15.76,15.74,0.0,0.0,16000,252070.0,-0.12690355329948969,15.76
HK.02333,2020-11-23 11:59:00,15.74,15.76,15.76,15.72,0.0,0.0,93500,1471880.0,0.12706480304955256,15.74
HK.02333,2020-11-23 12:00:00,15.78,15.8,15.8,15.76,0.0,0.0,98000,1547380.0,0.25380710659899064,15.76
HK.02333,2020-11-23 13:01:00,15.8,15.84,15.86,15.8,0.0,0.0,538500,8527510.0,0.2531645569620199,15.8
HK.02333,2020-11-23 13:02:00,15.84,15.82,15.86,15.8,0.0,0.0,214000,3388860.0,-0.12626262626262355,15.84
HK.02333,2020-11-23 13:03:00,15.82,15.82,15.82,15.8,0.0,0.0,15000,237240.0,0.0,15.82
HK.02333,2020-11-23 13:04:00,15.82,15.9,15.9,15.8,0.0,0.0,638000,10115110.0,0.505689001264223,15.82
HK.02333,2020-11-23 13:05:00,15.9,15.94,15.98,15.88,0.0,0.0,1338500,21322940.0,0.25157232704401983,15.9
HK.02333,2020-11-23 13:06:00,15.92,15.98,16.0,15.92,0.0,0.0,1489000,23773940.0,0.2509410288582241,15.94
HK.02333,2020-11-23 13:07:00,16.0,16.0,16.06,15.98,0.0,0.0,1257500,20148310.0,0.12515644555694352,15.98
HK.02333,2020-11-23 13:08:00,16.0,16.06,16.06,15.98,0.0,0.0,750500,12021760.0,0.374999999999992,16.0
HK.02333,2020-11-23 13:09:00,16.04,16.04,16.14,16.04,0.0,0.0,820000,13191120.0,-0.12453300124532736,16.06
HK.02333,2020-11-23 13:10:00,16.08,16.1,16.12,16.04,0.0,0.0,330000,5306500.0,0.37406483790525114,16.04
HK.02333,2020-11-23 13:11:00,16.12,16.16,16.16,16.1,0.0,0.0,276500,4457090.0,0.37267080745340814,16.1
HK.02333,2020-11-23 13:12:00,16.16,16.12,16.18,16.1,0.0,0.0,298000,4808550.0,-0.24752475247524225,16.16
HK.02333,2020-11-23 13:13:00,16.12,16.14,16.14,16.1,0.0,0.0,187500,3024410.0,0.12406947890818594,16.12
HK.02333,2020-11-23 13:14:00,16.16,16.2,16.2,16.16,0.0,0.0,550000,8899250.0,0.3717472118959028,16.14
HK.02333,2020-11-23 13:15:00,16.18,16.18,16.2,16.16,0.0,0.0,159500,2580710.0,-0.12345679012345416,16.2
HK.02333,2020-11-23 13:16:00,16.18,16.14,16.2,16.12,0.0,0.0,355000,5738480.0,-0.24721878862793045,16.18
HK.02333,2020-11-23 13:17:00,16.12,16.06,16.14,16.04,0.0,0.0,310000,4986230.0,-0.49566294919455917,16.14
HK.02333,2020-11-23 13:18:00,16.04,16.04,16.06,16.02,0.0,0.0,119000,1908860.0,-0.12453300124532736,16.06
HK.02333,2020-11-23 13:19:00,16.02,16.08,16.08,15.98,0.0,0.0,910000,14587840.0,0.24937655860348598,16.04
HK.02333,2020-11-23 13:20:00,16.08,16.12,16.12,16.06,0.0,0.0,315500,5080480.0,0.24875621890548946,16.08
HK.02333,2020-11-23 13:21:00,16.12,16.14,16.14,16.12,0.0,0.0,96000,1547880.0,0.12406947890818594,16.12
HK.02333,2020-11-23 13:22:00,16.14,16.1,16.14,16.08,0.0,0.0,516500,8317590.0,-0.24783147459726856,16.14
HK.02333,2020-11-23 13:23:00,16.08,16.04,16.08,16.02,0.0,0.0,642000,10310650.0,-0.37267080745343023,16.1
HK.02333,2020-11-23 13:24:00,16.02,16.02,16.04,16.02,0.0,0.0,72500,1161490.0,-0.12468827930174299,16.04
HK.02333,2020-11-23 13:25:00,16.04,16.02,16.04,16.02,0.0,0.0,8500,136190.0,0.0,16.02
HK.02333,2020-11-23 13:26:00,16.02,16.02,16.04,16.02,0.0,0.0,84000,1346660.0,0.0,16.02
HK.02333,2020-11-23 13:27:00,16.02,16.02,16.04,16.02,0.0,0.0,187000,2996280.0,0.0,16.02
HK.02333,2020-11-23 13:28:00,16.02,16.02,16.04,16.02,0.0,0.0,73000,1169570.0,0.0,16.02
HK.02333,2020-11-23 13:29:00,16.04,16.0,16.04,16.0,0.0,0.0,179000,2865080.0,-0.1248439450686615,16.02
HK.02333,2020-11-23 13:30:00,16.0,16.0,16.02,16.0,0.0,0.0,217000,3472060.0,0.0,16.0
HK.02333,2020-11-23 13:31:00,16.0,16.02,16.02,16.0,0.0,0.0,376500,6028190.0,0.12499999999999734,16.0
HK.02333,2020-11-23 13:32:00,16.02,16.0,16.02,16.0,0.0,0.0,59500,952850.0,-0.1248439450686615,16.02
HK.02333,2020-11-23 13:33:00,16.02,16.02,16.02,16.0,0.0,0.0,16500,264310.0,0.12499999999999734,16.0
HK.02333,2020-11-23 13:34:00,16.02,16.08,16.1,16.02,0.0,0.0,1118000,17958550.0,0.37453183520598454,16.02
HK.02333,2020-11-23 13:35:00,16.06,16.1,16.1,16.06,0.0,0.0,258000,4149230.0,0.12437810945275576,16.08
HK.02333,2020-11-23 13:36:00,16.08,16.0,16.08,15.98,0.0,0.0,1294500,20761660.0,-0.6211180124223691,16.1
HK.02333,2020-11-23 13:37:00,15.96,15.92,15.98,15.9,0.0,0.0,260000,4142760.0,-0.5000000000000004,16.0
HK.02333,2020-11-23 13:38:00,15.92,15.84,15.92,15.8,0.0,0.0,355000,5632670.0,-0.5025125628140708,15.92
HK.02333,2020-11-23 13:39:00,15.84,15.84,15.84,15.84,0.0,0.0,26500,419760.0,0.0,15.84
HK.02333,2020-11-23 13:40:00,15.86,15.88,15.88,15.84,0.0,0.0,269500,4273260.0,0.25252525252525837,15.84
HK.02333,2020-11-23 13:41:00,15.9,15.9,15.92,15.88,0.0,0.0,163500,2599410.0,0.12594458438286885,15.88
HK.02333,2020-11-23 13:42:00,15.88,15.88,15.9,15.88,0.0,0.0,246500,3915000.0,-0.12578616352200991,15.9
HK.02333,2020-11-23 13:43:00,15.9,15.9,15.9,15.9,0.0,0.0,5500,87450.0,0.12594458438286885,15.88
HK.02333,2020-11-23 13:44:00,15.88,15.86,15.9,15.86,0.0,0.0,333000,5286050.0,-0.25157232704403093,15.9
HK.02333,2020-11-23 13:45:00,15.86,15.86,15.88,15.86,0.0,0.0,107500,1705050.0,0.0,15.86
HK.02333,2020-11-23 13:46:00,15.86,15.86,15.86,15.84,0.0,0.0,44500,705690.0,0.0,15.86
HK.02333,2020-11-23 13:47:00,15.84,15.88,15.88,15.84,0.0,0.0,255500,4052960.0,0.1261034047919379,15.86
HK.02333,2020-11-23 13:48:00,15.88,15.94,15.96,15.88,0.0,0.0,316500,5035910.0,0.3778337531486065,15.88
HK.02333,2020-11-23 13:49:00,15.94,15.96,15.96,15.92,0.0,0.0,172500,2751820.0,0.12547051442911764,15.94
HK.02333,2020-11-23 13:50:00,15.96,15.98,16.0,15.96,0.0,0.0,600000,9586000.0,0.12531328320801738,15.96
HK.02333,2020-11-23 13:51:00,15.98,15.96,16.0,15.96,0.0,0.0,190000,3034270.0,-0.12515644555694352,15.98
HK.02333,2020-11-23 13:52:00,15.96,15.94,15.96,15.9,0.0,0.0,101500,1617200.0,-0.1253132832080285,15.96
HK.02333,2020-11-23 13:53:00,15.94,15.92,15.94,15.92,0.0,0.0,6500,103530.0,-0.12547051442910648,15.94
HK.02333,2020-11-23 13:54:00,15.94,15.94,15.94,15.94,0.0,0.0,224500,3578530.0,0.1256281407035149,15.92
HK.02333,2020-11-23 13:55:00,15.94,15.96,15.96,15.94,0.0,0.0,241500,3853110.0,0.12547051442911764,15.94
HK.02333,2020-11-23 13:56:00,15.98,15.96,16.0,15.96,0.0,0.0,173500,2771220.0,0.0,15.96
HK.02333,2020-11-23 13:57:00,15.98,15.98,15.98,15.96,0.0,0.0,38500,615200.0,0.12531328320801738,15.96
HK.02333,2020-11-23 13:58:00,15.98,15.98,15.98,15.96,0.0,0.0,8000,127730.0,0.0,15.98
HK.02333,2020-11-23 13:59:00,15.96,15.96,15.96,15.96,0.0,0.0,1000,15960.0,-0.12515644555694352,15.98
HK.02333,2020-11-23 14:00:00,15.98,15.98,16.0,15.98,0.0,0.0,75000,1198670.0,0.12531328320801738,15.96
HK.02333,2020-11-23 14:01:00,16.0,15.98,16.0,15.98,0.0,0.0,15500,247710.0,0.0,15.98
HK.02333,2020-11-23 14:02:00,15.98,15.96,15.98,15.96,0.0,0.0,75000,1198250.0,-0.12515644555694352,15.98
HK.02333,2020-11-23 14:03:00,15.98,15.96,15.98,15.96,0.0,0.0,290500,4636610.0,0.0,15.96
HK.02333,2020-11-23 14:04:00,15.96,15.98,16.0,15.96,0.0,0.0,346500,5534980.0,0.12531328320801738,15.96
HK.02333,2020-11-23 14:05:00,15.98,15.98,16.0,15.96,0.0,0.0,102500,1638190.0,0.0,15.98
HK.02333,2020-11-23 14:06:00,15.98,15.98,16.0,15.98,0.0,0.0,19500,311720.0,0.0,15.98
HK.02333,2020-11-23 14:07:00,15.98,15.96,15.98,15.96,0.0,0.0,1000,15970.0,-0.12515644555694352,15.98
HK.02333,2020-11-23 14:08:00,15.98,15.98,15.98,15.96,0.0,0.0,47500,758860.0,0.12531328320801738,15.96
HK.02333,2020-11-23 14:09:00,15.98,15.98,15.98,15.96,0.0,0.0,158500,2531830.0,0.0,15.98
HK.02333,2020-11-23 14:10:00,15.98,15.98,16.0,15.94,0.0,0.0,378500,6045740.0,0.0,15.98
HK.02333,2020-11-23 14:11:00,15.98,15.98,16.0,15.98,0.0,0.0,97000,1550750.0,0.0,15.98
HK.02333,2020-11-23 14:12:00,15.98,15.98,15.98,15.96,0.0,0.0,22000,351520.0,0.0,15.98
HK.02333,2020-11-23 14:13:00,15.98,16.04,16.04,15.98,0.0,0.0,439500,7034390.0,0.3754693366708305,15.98
HK.02333,2020-11-23 14:14:00,16.04,16.06,16.06,16.0,0.0,0.0,200000,3208090.0,0.12468827930174299,16.04
HK.02333,2020-11-23 14:15:00,16.08,16.08,16.08,16.08,0.0,0.0,16000,257280.0,0.12453300124532736,16.06
HK.02333,2020-11-23 14:16:00,16.08,16.08,16.1,16.06,0.0,0.0,243000,3909190.0,0.0,16.08
HK.02333,2020-11-23 14:17:00,16.1,16.08,16.1,16.08,0.0,0.0,230500,3708200.0,0.0,16.08
HK.02333,2020-11-23 14:18:00,16.08,16.08,16.08,16.06,0.0,0.0,20500,329600.0,0.0,16.08
HK.02333,2020-11-23 14:19:00,16.06,16.06,16.08,16.06,0.0,0.0,10000,160660.0,-0.12437810945273367,16.08
HK.02333,2020-11-23 14:20:00,16.08,16.1,16.1,16.06,0.0,0.0,222000,3569810.0,0.24906600249067684,16.06
HK.02333,2020-11-23 14:21:00,16.1,16.12,16.14,16.1,0.0,0.0,717500,11552900.0,0.12422360248446938,16.1
HK.02333,2020-11-23 14:22:00,16.1,16.14,16.14,16.1,0.0,0.0,177000,2851900.0,0.12406947890818594,16.12
HK.02333,2020-11-23 14:23:00,16.14,16.16,16.16,16.12,0.0,0.0,335000,5405280.0,0.12391573729863428,16.14
HK.02333,2020-11-23 14:24:00,16.16,16.16,16.16,16.14,0.0,0.0,370500,5983590.0,0.0,16.16
HK.02333,2020-11-23 14:25:00,16.16,16.18,16.18,16.16,0.0,0.0,112000,1812040.0,0.12376237623762112,16.16
HK.02333,2020-11-23 14:26:00,16.18,16.16,16.18,16.16,0.0,0.0,90500,1463630.0,-0.12360939431396523,16.18
HK.02333,2020-11-23 14:27:00,16.18,16.18,16.18,16.16,0.0,0.0,93500,1511260.0,0.12376237623762112,16.16
HK.02333,2020-11-23 14:28:00,16.18,16.18,16.18,16.16,0.0,0.0,84500,1366430.0,0.0,16.18
HK.02333,2020-11-23 14:29:00,16.18,16.2,16.2,16.18,0.0,0.0,332000,5374640.0,0.12360939431396523,16.18
HK.02333,2020-11-23 14:30:00,16.2,16.2,16.2,16.18,0.0,0.0,108000,1747960.0,0.0,16.2
HK.02333,2020-11-23 14:31:00,16.2,16.18,16.2,16.18,0.0,0.0,48500,785680.0,-0.12345679012345416,16.2
HK.02333,2020-11-23 14:32:00,16.2,16.24,16.28,16.18,0.0,0.0,1798000,29171470.0,0.3708281829418957,16.18
HK.02333,2020-11-23 14:33:00,16.24,16.24,16.24,16.22,0.0,0.0,28000,454670.0,0.0,16.24
HK.02333,2020-11-23 14:34:00,16.24,16.24,16.24,16.2,0.0,0.0,120000,1946820.0,0.0,16.24
HK.02333,2020-11-23 14:35:00,16.22,16.24,16.24,16.22,0.0,0.0,20500,332740.0,0.0,16.24
HK.02333,2020-11-23 14:36:00,16.24,16.24,16.24,16.22,0.0,0.0,44500,722400.0,0.0,16.24
HK.02333,2020-11-23 14:37:00,16.22,16.24,16.24,16.22,0.0,0.0,95500,1549970.0,0.0,16.24
HK.02333,2020-11-23 14:38:00,16.24,16.24,16.26,16.22,0.0,0.0,131000,2127490.0,0.0,16.24
HK.02333,2020-11-23 14:39:00,16.24,16.22,16.24,16.22,0.0,0.0,53500,868120.0,-0.12315270935960329,16.24
HK.02333,2020-11-23 14:40:00,16.24,16.2,16.24,16.2,0.0,0.0,238000,3860620.0,-0.12330456226880132,16.22
HK.02333,2020-11-23 14:41:00,16.22,16.2,16.22,16.2,0.0,0.0,103500,1678390.0,0.0,16.2
HK.02333,2020-11-23 14:42:00,16.2,16.18,16.22,16.18,0.0,0.0,61500,995300.0,-0.12345679012345416,16.2
HK.02333,2020-11-23 14:43:00,16.18,16.14,16.2,16.14,0.0,0.0,475000,7679690.0,-0.24721878862793045,16.18
HK.02333,2020-11-23 14:44:00,16.14,16.12,16.16,16.12,0.0,0.0,106000,1710970.0,-0.12391573729863428,16.14
HK.02333,2020-11-23 14:45:00,16.12,16.1,16.14,16.1,0.0,0.0,34500,556170.0,-0.12406947890818594,16.12
HK.02333,2020-11-23 14:46:00,16.1,16.08,16.12,16.08,0.0,0.0,49000,789050.0,-0.12422360248449146,16.1
HK.02333,2020-11-23 14:47:00,16.08,16.04,16.1,16.0,0.0,0.0,820500,13144600.0,-0.24875621890546734,16.08
HK.02333,2020-11-23 14:48:00,16.04,16.04,16.06,16.04,0.0,0.0,35500,569460.0,0.0,16.04
HK.02333,2020-11-23 14:49:00,16.04,16.0,16.06,16.0,0.0,0.0,173000,2773770.0,-0.24937655860348598,16.04
HK.02333,2020-11-23 14:50:00,16.02,16.04,16.04,16.02,0.0,0.0,184500,2957940.0,0.24999999999999467,16.0
HK.02333,2020-11-23 14:51:00,16.04,16.04,16.06,16.04,0.0,0.0,36500,585470.0,0.0,16.04
HK.02333,2020-11-23 14:52:00,16.04,16.02,16.04,16.02,0.0,0.0,110500,1771650.0,-0.12468827930174299,16.04
HK.02333,2020-11-23 14:53:00,16.02,16.02,16.04,16.0,0.0,0.0,136500,2186270.0,0.0,16.02
HK.02333,2020-11-23 14:54:00,16.02,16.04,16.06,16.02,0.0,0.0,212000,3400090.0,0.1248439450686615,16.02
HK.02333,2020-11-23 14:55:00,16.06,16.06,16.08,16.04,0.0,0.0,140000,2247570.0,0.12468827930174299,16.04
HK.02333,2020-11-23 14:56:00,16.06,16.06,16.08,16.06,0.0,0.0,62500,1004390.0,0.0,16.06
HK.02333,2020-11-23 14:57:00,16.08,16.06,16.08,16.06,0.0,0.0,42500,682740.0,0.0,16.06
HK.02333,2020-11-23 14:58:00,16.06,16.08,16.08,16.06,0.0,0.0,45500,731290.0,0.12453300124532736,16.06
HK.02333,2020-11-23 14:59:00,16.08,16.16,16.2,16.08,0.0,0.0,627500,10118440.0,0.4975124378109568,16.08
HK.02333,2020-11-23 15:00:00,16.18,16.14,16.18,16.14,0.0,0.0,110500,1786160.0,-0.12376237623762112,16.16
HK.02333,2020-11-23 15:01:00,16.16,16.16,16.16,16.14,0.0,0.0,64000,1033610.0,0.12391573729863428,16.14
HK.02333,2020-11-23 15:02:00,16.16,16.1,16.16,16.1,0.0,0.0,77000,1242210.0,-0.3712871287128634,16.16
HK.02333,2020-11-23 15:03:00,16.12,16.18,16.18,16.1,0.0,0.0,134500,2171490.0,0.49689440993787753,16.1
HK.02333,2020-11-23 15:04:00,16.18,16.16,16.18,16.16,0.0,0.0,260000,4202500.0,-0.12360939431396523,16.18
HK.02333,2020-11-23 15:05:00,16.16,16.16,16.18,16.16,0.0,0.0,28000,452570.0,0.0,16.16
HK.02333,2020-11-23 15:06:00,16.16,16.16,16.18,16.16,0.0,0.0,37000,598350.0,0.0,16.16
HK.02333,2020-11-23 15:07:00,16.16,16.16,16.18,16.16,0.0,0.0,90500,1462540.0,0.0,16.16
HK.02333,2020-11-23 15:08:00,16.16,16.16,16.18,16.16,0.0,0.0,38000,614320.0,0.0,16.16
HK.02333,2020-11-23 15:09:00,16.16,16.16,16.18,16.16,0.0,0.0,41000,662570.0,0.0,16.16
HK.02333,2020-11-23 15:10:00,16.16,16.16,16.18,16.16,0.0,0.0,99000,1601290.0,0.0,16.16
HK.02333,2020-11-23 15:11:00,16.18,16.18,16.18,16.14,0.0,0.0,516500,8348840.0,0.12376237623762112,16.16
HK.02333,2020-11-23 15:12:00,16.16,16.18,16.18,16.14,0.0,0.0,192000,3101410.0,0.0,16.18
HK.02333,2020-11-23 15:13:00,16.18,16.16,16.18,16.16,0.0,0.0,9500,153600.0,-0.12360939431396523,16.18
HK.02333,2020-11-23 15:14:00,16.16,16.14,16.16,16.12,0.0,0.0,202500,3269960.0,-0.12376237623762112,16.16
HK.02333,2020-11-23 15:15:00,16.14,16.16,16.16,16.14,0.0,0.0,154500,2495000.0,0.12391573729863428,16.14
HK.02333,2020-11-23 15:16:00,16.14,16.14,16.16,16.14,0.0,0.0,90000,1453080.0,-0.12376237623762112,16.16
HK.02333,2020-11-23 15:17:00,16.16,16.14,16.16,16.14,0.0,0.0,24500,395670.0,0.0,16.14
HK.02333,2020-11-23 15:18:00,16.14,16.14,16.14,16.12,0.0,0.0,111500,1798660.0,0.0,16.14
HK.02333,2020-11-23 15:19:00,16.12,16.14,16.14,16.12,0.0,0.0,10000,161330.0,0.0,16.14
HK.02333,2020-11-23 15:20:00,16.14,16.14,16.16,16.12,0.0,0.0,97500,1573670.0,0.0,16.14
HK.02333,2020-11-23 15:21:00,16.14,16.12,16.14,16.12,0.0,0.0,58500,943430.0,-0.12391573729863428,16.14
HK.02333,2020-11-23 15:22:00,16.14,16.12,16.14,16.12,0.0,0.0,85500,1379670.0,0.0,16.12
HK.02333,2020-11-23 15:23:00,16.12,16.12,16.14,16.12,0.0,0.0,56500,911530.0,0.0,16.12
HK.02333,2020-11-23 15:24:00,16.14,16.12,16.14,16.12,0.0,0.0,28000,451410.0,0.0,16.12
HK.02333,2020-11-23 15:25:00,16.14,16.12,16.14,16.12,0.0,0.0,52000,838570.0,0.0,16.12
HK.02333,2020-11-23 15:26:00,16.14,16.12,16.14,16.12,0.0,0.0,26000,419250.0,0.0,16.12
HK.02333,2020-11-23 15:27:00,16.12,16.1,16.12,16.08,0.0,0.0,276000,4443890.0,-0.12406947890818594,16.12
HK.02333,2020-11-23 15:28:00,16.08,16.1,16.1,16.08,0.0,0.0,88500,1424810.0,0.0,16.1
HK.02333,2020-11-23 15:29:00,16.1,16.1,16.12,16.1,0.0,0.0,19500,313980.0,0.0,16.1
HK.02333,2020-11-23 15:30:00,16.12,16.1,16.12,16.08,0.0,0.0,145500,2341070.0,0.0,16.1
HK.02333,2020-11-23 15:31:00,16.1,16.08,16.1,16.08,0.0,0.0,22000,354000.0,-0.12422360248449146,16.1
HK.02333,2020-11-23 15:32:00,16.08,16.08,16.08,16.08,0.0,0.0,29000,466320.0,0.0,16.08
HK.02333,2020-11-23 15:33:00,16.08,16.04,16.08,16.04,0.0,0.0,116500,1870790.0,-0.24875621890546734,16.08
HK.02333,2020-11-23 15:34:00,16.04,16.04,16.04,16.04,0.0,0.0,54500,874180.0,0.0,16.04
HK.02333,2020-11-23 15:35:00,16.04,16.06,16.06,16.04,0.0,0.0,109500,1756940.0,0.12468827930174299,16.04
HK.02333,2020-11-23 15:36:00,16.08,16.06,16.08,16.06,0.0,0.0,63500,1020680.0,0.0,16.06
HK.02333,2020-11-23 15:37:00,16.08,16.06,16.08,16.06,0.0,0.0,46000,738930.0,0.0,16.06
HK.02333,2020-11-23 15:38:00,16.06,16.06,16.08,16.06,0.0,0.0,48000,771140.0,0.0,16.06
HK.02333,2020-11-23 15:39:00,16.06,16.06,16.06,16.04,0.0,0.0,66000,1059580.0,0.0,16.06
HK.02333,2020-11-23 15:40:00,16.06,16.16,16.18,16.04,0.0,0.0,377500,6080650.0,0.622665006226659,16.06
HK.02333,2020-11-23 15:41:00,16.16,16.18,16.18,16.16,0.0,0.0,230000,3717730.0,0.12376237623762112,16.16
HK.02333,2020-11-23 15:42:00,16.16,16.14,16.18,16.14,0.0,0.0,160000,2584850.0,-0.24721878862793045,16.18
HK.02333,2020-11-23 15:43:00,16.16,16.12,16.16,16.12,0.0,0.0,101500,1636660.0,-0.12391573729863428,16.14
HK.02333,2020-11-23 15:44:00,16.12,16.16,16.16,16.12,0.0,0.0,132500,2137030.0,0.24813895781637188,16.12
HK.02333,2020-11-23 15:45:00,16.16,16.16,16.16,16.14,0.0,0.0,82000,1324290.0,0.0,16.16
HK.02333,2020-11-23 15:46:00,16.16,16.14,16.16,16.14,0.0,0.0,189500,3059270.0,-0.12376237623762112,16.16
HK.02333,2020-11-23 15:47:00,16.14,16.16,16.16,16.14,0.0,0.0,293500,4738540.0,0.12391573729863428,16.14
HK.02333,2020-11-23 15:48:00,16.16,16.14,16.16,16.14,0.0,0.0,111500,1801170.0,-0.12376237623762112,16.16
HK.02333,2020-11-23 15:49:00,16.14,16.14,16.16,16.14,0.0,0.0,61000,984750.0,0.0,16.14
HK.02333,2020-11-23 15:50:00,16.14,16.14,16.14,16.12,0.0,0.0,176000,2839860.0,0.0,16.14
HK.02333,2020-11-23 15:51:00,16.14,16.14,16.14,16.12,0.0,0.0,125500,2025560.0,0.0,16.14
HK.02333,2020-11-23 15:52:00,16.14,16.12,16.14,16.12,0.0,0.0,427500,6893040.0,-0.12391573729863428,16.14
HK.02333,2020-11-23 15:53:00,16.12,16.08,16.14,16.06,0.0,0.0,142000,2285970.0,-0.24813895781639392,16.12
HK.02333,2020-11-23 15:54:00,16.08,16.04,16.08,16.04,0.0,0.0,212500,3411260.0,-0.24875621890546734,16.08
HK.02333,2020-11-23 15:55:00,16.04,16.02,16.06,16.02,0.0,0.0,203500,3261650.0,-0.12468827930174299,16.04
HK.02333,2020-11-23 15:56:00,16.04,16.04,16.04,16.02,0.0,0.0,64500,1034020.0,0.1248439450686615,16.02
HK.02333,2020-11-23 15:57:00,16.04,16.12,16.14,16.02,0.0,0.0,344000,5526310.0,0.49875311720699406,16.04
HK.02333,2020-11-23 15:58:00,16.1,16.12,16.14,16.08,0.0,0.0,55000,886730.0,0.0,16.12
HK.02333,2020-11-23 15:59:00,16.1,16.12,16.12,16.1,0.0,0.0,110500,1779580.0,0.0,16.12
HK.02333,2020-11-23 16:00:00,16.12,16.18,16.18,16.1,0.0,0.0,1824000,29506160.0,0.37220843672455783,16.12
