code,time_key,open,close,high,low,pe_ratio,turnover_rate,volume,turnover,change_rate,last_close
HK.02318,2020-03-06 09:30:00,85.23126,85.23126,85.23126,85.23126,0.0,0.0,871500,76299825.0,0.0,86.73126
HK.02318,2020-03-06 09:31:00,85.23126,85.38126,85.53126,85.18126,0.0,0.0,463000,40550925.0,0.17599176640119066,85.23126
HK.02318,2020-03-06 09:32:00,85.43126,85.53126,85.58126,85.38126,0.0,0.0,166000,14567400.0,0.17568257952623995,85.38126
HK.02318,2020-03-06 09:33:00,85.58126,85.48126,85.58126,85.38126,0.0,0.0,345000,30298875.0,-0.058458159040328826,85.53126
HK.02318,2020-03-06 09:34:00,85.53126,85.58126,85.78126,85.38126,0.0,0.0,288500,25359475.0,0.11698470518566796,85.48126
HK.02318,2020-03-06 09:35:00,85.63126,85.63126,85.63126,85.53126,0.0,0.0,178000,15645075.0,0.058424005442309634,85.58126
HK.02318,2020-03-06 09:36:00,85.58126,85.78126,85.83126,85.53126,0.0,0.0,203000,17861950.0,0.17516967518638135,85.63126
HK.02318,2020-03-06 09:37:00,85.78126,85.58126,85.78126,85.53126,0.0,0.0,205500,18083750.0,-0.23315115679112527,85.78126
HK.02318,2020-03-06 09:38:00,85.58126,85.43126,85.58126,85.38126,0.0,0.0,132000,11594725.0,-0.1752720163269455,85.58126
HK.02318,2020-03-06 09:39:00,85.38126,85.33126,85.48126,85.33126,0.0,0.0,245000,21493325.0,-0.11705317233995417,85.43126
HK.02318,2020-03-06 09:40:00,85.33126,85.23126,85.38126,85.23126,0.0,0.0,305500,26764000.0,-0.11719034735921434,85.33126
HK.02318,2020-03-06 09:41:00,85.23126,85.23126,85.33126,85.23126,0.0,0.0,309000,27058100.0,0.0,85.23126
HK.02318,2020-03-06 09:42:00,85.28126,85.23126,85.33126,85.18126,0.0,0.0,186000,16284625.0,0.0,85.23126
HK.02318,2020-03-06 09:43:00,85.23126,85.33126,85.38126,85.23126,0.0,0.0,161000,14107300.0,0.11732784426746044,85.23126
HK.02318,2020-03-06 09:44:00,85.33126,85.23126,85.33126,85.18126,0.0,0.0,305000,26701650.0,-0.11719034735921434,85.33126
HK.02318,2020-03-06 09:45:00,85.23126,85.38126,85.38126,85.18126,0.0,0.0,236500,20718550.0,0.17599176640119066,85.23126
HK.02318,2020-03-06 09:46:00,85.38126,85.13126,85.43126,85.08126,0.0,0.0,564500,49422025.0,-0.2928042992103888,85.38126
HK.02318,2020-03-06 09:47:00,85.13126,85.13126,85.18126,85.08126,0.0,0.0,145000,12681550.0,0.0,85.13126
HK.02318,2020-03-06 09:48:00,85.18126,85.18126,85.23126,85.13126,0.0,0.0,171500,15007350.0,0.058732832099509816,85.13126
HK.02318,2020-03-06 09:49:00,85.18126,85.03126,85.23126,85.03126,0.0,0.0,352000,30773200.0,-0.17609507067633362,85.18126
HK.02318,2020-03-06 09:50:00,85.08126,85.13126,85.13126,85.08126,0.0,0.0,145500,12722125.0,0.117603808293555,85.03126
HK.02318,2020-03-06 09:51:00,85.08126,85.08126,85.13126,85.03126,0.0,0.0,102500,8959025.0,-0.058732832099509816,85.13126
HK.02318,2020-03-06 09:52:00,85.08126,85.03126,85.13126,85.03126,0.0,0.0,108000,9438600.0,-0.05876734782723852,85.08126
HK.02318,2020-03-06 09:53:00,85.03126,85.03126,85.08126,84.98126,0.0,0.0,235000,20528975.0,0.0,85.03126
HK.02318,2020-03-06 09:54:00,85.08126,84.98126,85.08126,84.98126,0.0,0.0,164000,14325875.0,-0.0588019041467775,85.03126
HK.02318,2020-03-06 09:55:00,84.98126,84.98126,85.03126,84.98126,0.0,0.0,61500,5370550.0,0.0,84.98126
HK.02318,2020-03-06 09:56:00,84.98126,84.83126,85.03126,84.83126,0.0,0.0,387000,33754750.0,-0.17650950338934215,84.98126
HK.02318,2020-03-06 09:57:00,84.83126,84.83126,84.93126,84.83126,0.0,0.0,80500,7018625.0,0.0,84.83126
HK.02318,2020-03-06 09:58:00,84.88126,84.83126,84.88126,84.83126,0.0,0.0,38500,3355850.0,0.0,84.83126
HK.02318,2020-03-06 09:59:00,84.83126,84.93126,84.93126,84.83126,0.0,0.0,158500,13821050.0,0.11788107355707592,84.83126
HK.02318,2020-03-06 10:00:00,84.93126,84.93126,84.98126,84.88126,0.0,0.0,72500,6325300.0,0.0,84.93126
HK.02318,2020-03-06 10:01:00,84.98126,85.08126,85.18126,84.98126,0.0,0.0,166500,14548025.0,0.17661341654416254,84.93126
HK.02318,2020-03-06 10:02:00,85.08126,84.98126,85.08126,84.93126,0.0,0.0,81000,7072300.0,-0.11753469565447704,85.08126
HK.02318,2020-03-06 10:03:00,84.98126,84.98126,85.03126,84.93126,0.0,0.0,106000,9254250.0,0.0,84.98126
HK.02318,2020-03-06 10:04:00,84.98126,84.98126,84.98126,84.98126,0.0,0.0,36500,3186450.0,0.0,84.98126
HK.02318,2020-03-06 10:05:00,84.93126,85.03126,85.03126,84.93126,0.0,0.0,63000,5500675.0,0.05883650112977515,84.98126
HK.02318,2020-03-06 10:06:00,85.03126,85.03126,85.03126,85.03126,0.0,0.0,25000,2183750.0,0.0,85.03126
HK.02318,2020-03-06 10:07:00,85.03126,84.88126,85.03126,84.88126,0.0,0.0,106500,9294300.0,-0.17640571244034922,85.03126
HK.02318,2020-03-06 10:08:00,84.88126,84.93126,84.93126,84.83126,0.0,0.0,146500,12774325.0,0.058905817373584184,84.88126
HK.02318,2020-03-06 10:09:00,84.93126,84.98126,84.98126,84.93126,0.0,0.0,70500,6151625.0,0.05887113884806534,84.93126
HK.02318,2020-03-06 10:10:00,84.98126,84.93126,84.98126,84.93126,0.0,0.0,85000,7420075.0,-0.058836501129791864,84.98126
HK.02318,2020-03-06 10:11:00,84.93126,84.93126,84.93126,84.88126,0.0,0.0,6500,566975.0,0.0,84.93126
HK.02318,2020-03-06 10:12:00,84.93126,84.93126,84.93126,84.88126,0.0,0.0,60000,5234925.0,0.0,84.93126
HK.02318,2020-03-06 10:13:00,84.93126,84.93126,84.93126,84.88126,0.0,0.0,14000,1221100.0,0.0,84.93126
HK.02318,2020-03-06 10:14:00,84.88126,84.93126,84.93126,84.88126,0.0,0.0,56000,4885850.0,0.0,84.93126
HK.02318,2020-03-06 10:15:00,84.98126,84.83126,84.98126,84.83126,0.0,0.0,129500,11292525.0,-0.11774227769609719,84.93126
HK.02318,2020-03-06 10:16:00,84.88126,84.88126,84.88126,84.83126,0.0,0.0,70000,6101275.0,0.05894053677853796,84.83126
HK.02318,2020-03-06 10:17:00,84.88126,84.88126,84.88126,84.83126,0.0,0.0,36000,3139150.0,0.0,84.88126
HK.02318,2020-03-06 10:18:00,84.83126,84.88126,84.88126,84.83126,0.0,0.0,53500,4664900.0,0.0,84.88126
HK.02318,2020-03-06 10:19:00,84.93126,84.98126,84.98126,84.88126,0.0,0.0,39500,3445675.0,0.1178116347471851,84.88126
HK.02318,2020-03-06 10:20:00,84.98126,84.98126,84.98126,84.93126,0.0,0.0,4500,392750.0,0.0,84.98126
HK.02318,2020-03-06 10:21:00,84.98126,84.93126,84.98126,84.93126,0.0,0.0,93000,8114425.0,-0.058836501129791864,84.98126
HK.02318,2020-03-06 10:22:00,84.93126,84.93126,84.93126,84.88126,0.0,0.0,27000,2354750.0,0.0,84.93126
HK.02318,2020-03-06 10:23:00,84.93126,84.83126,84.93126,84.83126,0.0,0.0,58000,5057650.0,-0.11774227769609719,84.93126
HK.02318,2020-03-06 10:24:00,84.83126,84.78126,84.83126,84.78126,0.0,0.0,95500,8322125.0,-0.05894053677853796,84.83126
HK.02318,2020-03-06 10:25:00,84.83126,84.88126,84.88126,84.83126,0.0,0.0,91000,7931850.0,0.11795059427047241,84.78126
HK.02318,2020-03-06 10:26:00,84.93126,84.88126,84.93126,84.83126,0.0,0.0,52000,4534650.0,0.0,84.88126
HK.02318,2020-03-06 10:27:00,84.88126,84.83126,84.88126,84.83126,0.0,0.0,7000,610075.0,-0.058905817373584184,84.88126
HK.02318,2020-03-06 10:28:00,84.83126,84.78126,84.83126,84.73126,0.0,0.0,300000,26131950.0,-0.05894053677853796,84.83126
HK.02318,2020-03-06 10:29:00,84.78126,84.73126,84.83126,84.73126,0.0,0.0,59000,5138250.0,-0.05897529713523621,84.78126
HK.02318,2020-03-06 10:30:00,84.78126,84.78126,84.78126,84.73126,0.0,0.0,15500,1349375.0,0.05901009851617591,84.73126
HK.02318,2020-03-06 10:31:00,84.78126,84.73126,84.78126,84.73126,0.0,0.0,143000,12448850.0,-0.05897529713523621,84.78126
HK.02318,2020-03-06 10:32:00,84.73126,84.73126,84.78126,84.68126,0.0,0.0,180500,15714050.0,0.0,84.73126
HK.02318,2020-03-06 10:33:00,84.73126,84.78126,84.78126,84.73126,0.0,0.0,105500,9185075.0,0.05901009851617591,84.73126
HK.02318,2020-03-06 10:34:00,84.78126,84.78126,84.78126,84.73126,0.0,0.0,109000,9493825.0,0.0,84.78126
HK.02318,2020-03-06 10:35:00,84.83126,84.83126,84.83126,84.83126,0.0,0.0,14000,1220100.0,0.05897529713523621,84.78126
HK.02318,2020-03-06 10:36:00,84.78126,84.83126,84.83126,84.78126,0.0,0.0,69000,6012975.0,0.0,84.83126
HK.02318,2020-03-06 10:37:00,84.88126,84.88126,84.88126,84.88126,0.0,0.0,2500,218000.0,0.05894053677853796,84.83126
HK.02318,2020-03-06 10:38:00,84.88126,84.93126,84.93126,84.88126,0.0,0.0,22000,1918550.0,0.058905817373584184,84.88126
HK.02318,2020-03-06 10:39:00,84.88126,84.93126,84.93126,84.88126,0.0,0.0,72000,6280325.0,0.0,84.93126
HK.02318,2020-03-06 10:40:00,84.98126,85.03126,85.03126,84.98126,0.0,0.0,36500,3186900.0,0.11774227769611394,84.93126
HK.02318,2020-03-06 10:41:00,85.08126,85.08126,85.13126,84.98126,0.0,0.0,88500,7734200.0,0.0588019041467775,85.03126
HK.02318,2020-03-06 10:42:00,85.08126,85.13126,85.13126,85.08126,0.0,0.0,26000,2272575.0,0.05876734782723852,85.08126
HK.02318,2020-03-06 10:43:00,85.13126,85.03126,85.13126,85.03126,0.0,0.0,85000,7426575.0,-0.11746566419901963,85.13126
HK.02318,2020-03-06 10:44:00,85.03126,85.08126,85.08126,84.98126,0.0,0.0,74000,6464075.0,0.0588019041467775,85.03126
HK.02318,2020-03-06 10:45:00,85.08126,85.13126,85.13126,85.08126,0.0,0.0,52500,4588925.0,0.05876734782723852,85.08126
HK.02318,2020-03-06 10:46:00,85.08126,85.13126,85.13126,85.08126,0.0,0.0,180500,15782900.0,0.0,85.13126
HK.02318,2020-03-06 10:47:00,85.13126,85.13126,85.13126,85.08126,0.0,0.0,6500,568275.0,0.0,85.13126
HK.02318,2020-03-06 10:48:00,85.13126,85.18126,85.18126,85.13126,0.0,0.0,91500,8005050.0,0.058732832099509816,85.13126
HK.02318,2020-03-06 10:49:00,85.13126,85.03126,85.13126,85.03126,0.0,0.0,119500,10443050.0,-0.17609507067633362,85.18126
HK.02318,2020-03-06 10:50:00,85.08126,85.08126,85.13126,85.08126,0.0,0.0,178000,15558125.0,0.0588019041467775,85.03126
HK.02318,2020-03-06 10:51:00,85.08126,85.08126,85.08126,85.08126,0.0,0.0,44500,3889300.0,0.0,85.08126
HK.02318,2020-03-06 10:52:00,85.08126,85.08126,85.13126,85.08126,0.0,0.0,4000,349675.0,0.0,85.08126
HK.02318,2020-03-06 10:53:00,85.08126,85.13126,85.13126,85.08126,0.0,0.0,43500,3802225.0,0.05876734782723852,85.08126
HK.02318,2020-03-06 10:54:00,85.08126,85.23126,85.23126,85.08126,0.0,0.0,218000,19065150.0,0.11746566419903633,85.13126
HK.02318,2020-03-06 10:55:00,85.18126,85.13126,85.18126,85.13126,0.0,0.0,88000,7696650.0,-0.11732784426747712,85.23126
HK.02318,2020-03-06 10:56:00,85.13126,85.03126,85.13126,84.98126,0.0,0.0,207500,18131050.0,-0.11746566419901963,85.13126
HK.02318,2020-03-06 10:57:00,84.98126,85.13126,85.13126,84.98126,0.0,0.0,131000,11452025.0,0.117603808293555,85.03126
HK.02318,2020-03-06 10:58:00,85.08126,85.08126,85.08126,85.08126,0.0,0.0,61000,5331400.0,-0.058732832099509816,85.13126
HK.02318,2020-03-06 10:59:00,85.08126,85.03126,85.08126,84.98126,0.0,0.0,115500,10087775.0,-0.05876734782723852,85.08126
HK.02318,2020-03-06 11:00:00,84.98126,84.93126,84.98126,84.93126,0.0,0.0,84500,7376600.0,-0.1176038082935717,85.03126
HK.02318,2020-03-06 11:01:00,84.93126,84.83126,84.93126,84.83126,0.0,0.0,133500,11640875.0,-0.11774227769609719,84.93126
HK.02318,2020-03-06 11:02:00,84.88126,84.93126,84.93126,84.88126,0.0,0.0,136000,11861625.0,0.11788107355707592,84.83126
HK.02318,2020-03-06 11:03:00,84.93126,84.88126,84.98126,84.88126,0.0,0.0,65000,5671250.0,-0.05887113884804859,84.93126
HK.02318,2020-03-06 11:04:00,84.93126,84.93126,84.93126,84.93126,0.0,0.0,31500,2748375.0,0.058905817373584184,84.88126
HK.02318,2020-03-06 11:05:00,84.98126,85.08126,85.08126,84.98126,0.0,0.0,25500,2226975.0,0.17661341654416254,84.93126
HK.02318,2020-03-06 11:06:00,85.08126,85.13126,85.13126,85.08126,0.0,0.0,34000,2971675.0,0.05876734782723852,85.08126
HK.02318,2020-03-06 11:07:00,85.08126,85.08126,85.13126,85.08126,0.0,0.0,77000,6729850.0,-0.058732832099509816,85.13126
HK.02318,2020-03-06 11:08:00,85.08126,85.18126,85.18126,85.08126,0.0,0.0,74000,6471825.0,0.11753469565447704,85.08126
HK.02318,2020-03-06 11:09:00,85.13126,85.13126,85.13126,85.13126,0.0,0.0,16500,1442925.0,-0.0586983568921112,85.18126
HK.02318,2020-03-06 11:10:00,85.13126,85.08126,85.18126,85.08126,0.0,0.0,18500,1617800.0,-0.058732832099509816,85.13126
HK.02318,2020-03-06 11:11:00,85.13126,85.03126,85.13126,85.03126,0.0,0.0,74000,6467475.0,-0.05876734782723852,85.08126
HK.02318,2020-03-06 11:12:00,85.08126,85.03126,85.08126,85.03126,0.0,0.0,52500,4586875.0,0.0,85.03126
HK.02318,2020-03-06 11:13:00,85.03126,85.08126,85.13126,85.03126,0.0,0.0,114000,9963175.0,0.0588019041467775,85.03126
HK.02318,2020-03-06 11:14:00,85.08126,85.03126,85.08126,85.03126,0.0,0.0,9000,786250.0,-0.05876734782723852,85.08126
HK.02318,2020-03-06 11:15:00,85.03126,84.93126,85.03126,84.88126,0.0,0.0,279500,24399925.0,-0.1176038082935717,85.03126
HK.02318,2020-03-06 11:16:00,84.88126,84.88126,84.93126,84.88126,0.0,0.0,147000,12818450.0,-0.05887113884804859,84.93126
HK.02318,2020-03-06 11:17:00,84.88126,84.83126,84.88126,84.83126,0.0,0.0,22000,1917850.0,-0.058905817373584184,84.88126
HK.02318,2020-03-06 11:18:00,84.83126,84.88126,84.88126,84.83126,0.0,0.0,20500,1787500.0,0.05894053677853796,84.83126
HK.02318,2020-03-06 11:19:00,84.88126,84.88126,84.88126,84.78126,0.0,0.0,151000,13159100.0,0.0,84.88126
HK.02318,2020-03-06 11:20:00,84.83126,84.83126,84.88126,84.83126,0.0,0.0,24500,2135275.0,-0.058905817373584184,84.88126
HK.02318,2020-03-06 11:21:00,84.83126,84.83126,84.83126,84.78126,0.0,0.0,153500,13375650.0,0.0,84.83126
HK.02318,2020-03-06 11:22:00,84.83126,84.83126,84.88126,84.78126,0.0,0.0,252000,21967325.0,0.0,84.83126
HK.02318,2020-03-06 11:23:00,84.88126,84.98126,84.98126,84.88126,0.0,0.0,86500,7546325.0,0.17682161033563062,84.83126
HK.02318,2020-03-06 11:24:00,84.98126,84.98126,84.98126,84.98126,0.0,0.0,14000,1222200.0,0.0,84.98126
HK.02318,2020-03-06 11:25:00,84.98126,85.03126,85.03126,84.98126,0.0,0.0,20000,1746025.0,0.05883650112977515,84.98126
HK.02318,2020-03-06 11:26:00,85.03126,84.83126,85.03126,84.83126,0.0,0.0,48500,4232025.0,-0.23520761658712672,85.03126
HK.02318,2020-03-06 11:27:00,84.88126,84.93126,84.93126,84.83126,0.0,0.0,41500,3618800.0,0.11788107355707592,84.83126
HK.02318,2020-03-06 11:28:00,84.93126,84.93126,84.93126,84.93126,0.0,0.0,11000,959750.0,0.0,84.93126
HK.02318,2020-03-06 11:29:00,84.93126,85.03126,85.03126,84.93126,0.0,0.0,33000,2880825.0,0.11774227769611394,84.93126
HK.02318,2020-03-06 11:30:00,84.98126,84.98126,84.98126,84.98126,0.0,0.0,12000,1047600.0,-0.0588019041467775,85.03126
HK.02318,2020-03-06 11:31:00,84.98126,85.03126,85.03126,84.98126,0.0,0.0,20000,1746475.0,0.05883650112977515,84.98126
HK.02318,2020-03-06 11:32:00,85.08126,85.03126,85.08126,85.03126,0.0,0.0,19000,1659725.0,0.0,85.03126
HK.02318,2020-03-06 11:33:00,85.03126,84.98126,85.03126,84.98126,0.0,0.0,4000,349375.0,-0.0588019041467775,85.03126
HK.02318,2020-03-06 11:34:00,85.03126,85.03126,85.03126,84.98126,0.0,0.0,51000,4454350.0,0.05883650112977515,84.98126
HK.02318,2020-03-06 11:35:00,85.03126,85.03126,85.03126,85.03126,0.0,0.0,7500,655125.0,0.0,85.03126
HK.02318,2020-03-06 11:36:00,85.03126,85.08126,85.08126,85.03126,0.0,0.0,5000,436925.0,0.0588019041467775,85.03126
HK.02318,2020-03-06 11:37:00,85.08126,85.08126,85.13126,85.08126,0.0,0.0,26000,2272450.0,0.0,85.08126
HK.02318,2020-03-06 11:38:00,85.08126,85.08126,85.13126,85.03126,0.0,0.0,13500,1179875.0,0.0,85.08126
HK.02318,2020-03-06 11:39:00,85.13126,85.08126,85.13126,85.03126,0.0,0.0,15000,1310975.0,0.0,85.08126
HK.02318,2020-03-06 11:40:00,85.08126,85.08126,85.08126,85.08126,0.0,0.0,2000,174800.0,0.0,85.08126
HK.02318,2020-03-06 11:41:00,85.08126,85.03126,85.08126,85.03126,0.0,0.0,94500,8254650.0,-0.05876734782723852,85.08126
HK.02318,2020-03-06 11:42:00,85.03126,84.93126,85.03126,84.93126,0.0,0.0,141500,12348925.0,-0.1176038082935717,85.03126
HK.02318,2020-03-06 11:43:00,84.93126,84.88126,84.93126,84.88126,0.0,0.0,16500,1439600.0,-0.05887113884804859,84.93126
HK.02318,2020-03-06 11:44:00,84.88126,84.93126,84.93126,84.88126,0.0,0.0,198500,17319050.0,0.058905817373584184,84.88126
HK.02318,2020-03-06 11:45:00,84.93126,84.93126,84.93126,84.88126,0.0,0.0,4500,392575.0,0.0,84.93126
HK.02318,2020-03-06 11:46:00,84.93126,84.98126,84.98126,84.93126,0.0,0.0,201500,17581850.0,0.05887113884806534,84.93126
HK.02318,2020-03-06 11:47:00,84.98126,84.98126,85.03126,84.93126,0.0,0.0,121000,10563100.0,0.0,84.98126
HK.02318,2020-03-06 11:48:00,84.98126,84.98126,85.03126,84.93126,0.0,0.0,78500,6852375.0,0.0,84.98126
HK.02318,2020-03-06 11:49:00,84.98126,84.98126,84.98126,84.98126,0.0,0.0,30000,2619000.0,0.0,84.98126
HK.02318,2020-03-06 11:50:00,84.98126,84.98126,84.98126,84.98126,0.0,0.0,5500,480150.0,0.0,84.98126
HK.02318,2020-03-06 11:51:00,84.98126,84.98126,85.03126,84.98126,0.0,0.0,76000,6634850.0,0.0,84.98126
HK.02318,2020-03-06 11:52:00,84.98126,84.93126,84.98126,84.93126,0.0,0.0,36000,3141150.0,-0.058836501129791864,84.98126
HK.02318,2020-03-06 11:53:00,84.98126,84.98126,84.98126,84.93126,0.0,0.0,13000,1134850.0,0.05887113884806534,84.93126
HK.02318,2020-03-06 11:54:00,84.98126,84.93126,84.98126,84.88126,0.0,0.0,63500,5541150.0,-0.058836501129791864,84.98126
HK.02318,2020-03-06 11:55:00,84.98126,84.98126,84.98126,84.93126,0.0,0.0,20000,1745500.0,0.05887113884806534,84.93126
HK.02318,2020-03-06 11:56:00,84.93126,84.98126,84.98126,84.93126,0.0,0.0,10000,872975.0,0.0,84.98126
HK.02318,2020-03-06 11:57:00,84.93126,84.98126,84.98126,84.93126,0.0,0.0,26500,2312200.0,0.0,84.98126
HK.02318,2020-03-06 11:58:00,84.98126,84.93126,84.98126,84.93126,0.0,0.0,85500,7459925.0,-0.058836501129791864,84.98126
HK.02318,2020-03-06 11:59:00,84.88126,84.93126,84.93126,84.88126,0.0,0.0,21000,1831875.0,0.0,84.93126
HK.02318,2020-03-06 12:00:00,84.93126,84.93126,84.93126,84.88126,0.0,0.0,14000,1221425.0,0.0,84.93126
HK.02318,2020-03-06 13:01:00,84.93126,84.88126,84.93126,84.83126,0.0,0.0,260500,22719600.0,-0.05887113884804859,84.93126
HK.02318,2020-03-06 13:02:00,84.93126,84.83126,84.93126,84.78126,0.0,0.0,156500,13643900.0,-0.058905817373584184,84.88126
HK.02318,2020-03-06 13:03:00,84.83126,84.83126,84.83126,84.78126,0.0,0.0,21000,1829175.0,0.0,84.83126
HK.02318,2020-03-06 13:04:00,84.83126,84.78126,84.83126,84.78126,0.0,0.0,2000,174250.0,-0.05894053677853796,84.83126
HK.02318,2020-03-06 13:05:00,84.78126,84.78126,84.83126,84.78126,0.0,0.0,29500,2570650.0,0.0,84.78126
HK.02318,2020-03-06 13:06:00,84.78126,84.88126,84.88126,84.78126,0.0,0.0,302000,26322300.0,0.11795059427047241,84.78126
HK.02318,2020-03-06 13:07:00,84.83126,84.88126,84.88126,84.83126,0.0,0.0,83500,7277225.0,0.0,84.88126
HK.02318,2020-03-06 13:08:00,84.83126,84.83126,84.88126,84.83126,0.0,0.0,2000,174350.0,-0.058905817373584184,84.88126
HK.02318,2020-03-06 13:09:00,84.83126,84.88126,84.88126,84.83126,0.0,0.0,2500,217975.0,0.05894053677853796,84.83126
HK.02318,2020-03-06 13:10:00,84.88126,84.88126,84.88126,84.88126,0.0,0.0,1000,87200.0,0.0,84.88126
HK.02318,2020-03-06 13:11:00,84.88126,84.88126,84.88126,84.83126,0.0,0.0,3500,305150.0,0.0,84.88126
HK.02318,2020-03-06 13:12:00,84.88126,84.93126,84.93126,84.88126,0.0,0.0,117500,10246050.0,0.058905817373584184,84.88126
HK.02318,2020-03-06 13:13:00,84.93126,84.93126,84.93126,84.93126,0.0,0.0,3500,305375.0,0.0,84.93126
HK.02318,2020-03-06 13:14:00,84.93126,84.93126,84.93126,84.88126,0.0,0.0,6500,567025.0,0.0,84.93126
HK.02318,2020-03-06 13:15:00,84.88126,84.88126,84.88126,84.88126,0.0,0.0,76500,6670800.0,-0.05887113884804859,84.93126
HK.02318,2020-03-06 13:16:00,84.88126,84.88126,84.88126,84.88126,0.0,0.0,2000,174400.0,0.0,84.88126
HK.02318,2020-03-06 13:17:00,84.88126,84.83126,84.88126,84.83126,0.0,0.0,49500,4313975.0,-0.058905817373584184,84.88126
HK.02318,2020-03-06 13:18:00,84.83126,84.83126,84.88126,84.83126,0.0,0.0,7500,653725.0,0.0,84.83126
HK.02318,2020-03-06 13:19:00,84.88126,84.78126,84.88126,84.78126,0.0,0.0,173000,15077025.0,-0.05894053677853796,84.83126
HK.02318,2020-03-06 13:20:00,84.83126,84.83126,84.83126,84.78126,0.0,0.0,13000,1132500.0,0.05897529713523621,84.78126
HK.02318,2020-03-06 13:21:00,84.83126,84.78126,84.83126,84.78126,0.0,0.0,17000,1481475.0,-0.05894053677853796,84.83126
HK.02318,2020-03-06 13:22:00,84.78126,84.83126,84.83126,84.78126,0.0,0.0,10000,871400.0,0.05897529713523621,84.78126
HK.02318,2020-03-06 13:23:00,84.83126,84.83126,84.83126,84.78126,0.0,0.0,46500,4051075.0,0.0,84.83126
HK.02318,2020-03-06 13:24:00,84.83126,84.83126,84.88126,84.83126,0.0,0.0,331000,28846725.0,0.0,84.83126
HK.02318,2020-03-06 13:25:00,84.83126,84.88126,84.88126,84.83126,0.0,0.0,3500,305150.0,0.05894053677853796,84.83126
HK.02318,2020-03-06 13:26:00,84.88126,84.88126,84.88126,84.83126,0.0,0.0,5000,435975.0,0.0,84.88126
HK.02318,2020-03-06 13:27:00,84.88126,84.93126,84.93126,84.88126,0.0,0.0,83500,7281925.0,0.058905817373584184,84.88126
HK.02318,2020-03-06 13:28:00,84.93126,84.93126,84.93126,84.88126,0.0,0.0,32500,2835600.0,0.0,84.93126
HK.02318,2020-03-06 13:29:00,84.93126,84.88126,84.93126,84.88126,0.0,0.0,79500,6932900.0,-0.05887113884804859,84.93126
HK.02318,2020-03-06 13:30:00,84.83126,84.83126,84.88126,84.83126,0.0,0.0,34000,2963200.0,-0.058905817373584184,84.88126
HK.02318,2020-03-06 13:31:00,84.78126,84.78126,84.83126,84.78126,0.0,0.0,27500,2395325.0,-0.05894053677853796,84.83126
HK.02318,2020-03-06 13:32:00,84.78126,84.83126,84.83126,84.78126,0.0,0.0,143000,12461400.0,0.05897529713523621,84.78126
HK.02318,2020-03-06 13:33:00,84.83126,84.88126,84.88126,84.83126,0.0,0.0,10500,915325.0,0.05894053677853796,84.83126
HK.02318,2020-03-06 13:34:00,84.83126,84.83126,84.88126,84.83126,0.0,0.0,4000,348675.0,-0.058905817373584184,84.88126
HK.02318,2020-03-06 13:35:00,84.83126,84.83126,84.88126,84.83126,0.0,0.0,30000,2614550.0,0.0,84.83126
HK.02318,2020-03-06 13:36:00,84.83126,84.83126,84.88126,84.83126,0.0,0.0,50000,4359850.0,0.0,84.83126
HK.02318,2020-03-06 13:37:00,84.83126,84.78126,84.83126,84.78126,0.0,0.0,249000,21693575.0,-0.05894053677853796,84.83126
HK.02318,2020-03-06 13:38:00,84.78126,84.78126,84.83126,84.78126,0.0,0.0,193500,16856425.0,0.0,84.78126
HK.02318,2020-03-06 13:39:00,84.83126,84.78126,84.83126,84.78126,0.0,0.0,206000,17942725.0,0.0,84.78126
HK.02318,2020-03-06 13:40:00,84.78126,84.68126,84.83126,84.63126,0.0,0.0,891000,77533425.0,-0.11795059427048918,84.78126
HK.02318,2020-03-06 13:41:00,84.68126,84.73126,84.73126,84.68126,0.0,0.0,29500,2567175.0,0.059044940994042096,84.68126
HK.02318,2020-03-06 13:42:00,84.68126,84.63126,84.68126,84.63126,0.0,0.0,72500,6307200.0,-0.1180201970323686,84.73126
HK.02318,2020-03-06 13:43:00,84.68126,84.63126,84.68126,84.63126,0.0,0.0,348000,30265500.0,0.0,84.63126
HK.02318,2020-03-06 13:44:00,84.63126,84.68126,84.68126,84.63126,0.0,0.0,5000,434850.0,0.05907982464162433,84.63126
HK.02318,2020-03-06 13:45:00,84.68126,84.73126,84.73126,84.63126,0.0,0.0,87000,7569000.0,0.059044940994042096,84.68126
HK.02318,2020-03-06 13:46:00,84.73126,84.73126,84.73126,84.73126,0.0,0.0,48000,4178400.0,0.0,84.73126
HK.02318,2020-03-06 13:47:00,84.68126,84.73126,84.73126,84.68126,0.0,0.0,47500,4134600.0,0.0,84.73126
HK.02318,2020-03-06 13:48:00,84.73126,84.73126,84.78126,84.73126,0.0,0.0,56000,4875200.0,0.0,84.73126
HK.02318,2020-03-06 13:49:00,84.78126,84.73126,84.78126,84.73126,0.0,0.0,4000,348375.0,0.0,84.73126
HK.02318,2020-03-06 13:50:00,84.78126,84.73126,84.78126,84.73126,0.0,0.0,18000,1567700.0,0.0,84.73126
HK.02318,2020-03-06 13:51:00,84.78126,84.73126,84.78126,84.73126,0.0,0.0,13500,1175725.0,0.0,84.73126
HK.02318,2020-03-06 13:52:00,84.78126,84.73126,84.78126,84.73126,0.0,0.0,44500,3873775.0,0.0,84.73126
HK.02318,2020-03-06 13:53:00,84.73126,84.68126,84.73126,84.68126,0.0,0.0,5000,435225.0,-0.05901009851619268,84.73126
HK.02318,2020-03-06 13:54:00,84.73126,84.78126,84.78126,84.73126,0.0,0.0,144000,12536650.0,0.11808988198806741,84.68126
HK.02318,2020-03-06 13:55:00,84.78126,84.83126,84.83126,84.78126,0.0,0.0,9500,827500.0,0.05897529713523621,84.78126
HK.02318,2020-03-06 13:56:00,84.83126,84.83126,84.88126,84.78126,0.0,0.0,58000,5054725.0,0.0,84.83126
HK.02318,2020-03-06 13:57:00,84.78126,84.83126,84.83126,84.78126,0.0,0.0,43500,3790600.0,0.0,84.83126
HK.02318,2020-03-06 13:58:00,84.83126,84.83126,84.83126,84.78126,0.0,0.0,10000,871125.0,0.0,84.83126
HK.02318,2020-03-06 13:59:00,84.78126,84.83126,84.83126,84.78126,0.0,0.0,5500,479175.0,0.0,84.83126
HK.02318,2020-03-06 14:00:00,84.83126,84.88126,84.88126,84.83126,0.0,0.0,143500,12510950.0,0.05894053677853796,84.83126
HK.02318,2020-03-06 14:01:00,84.93126,84.98126,84.98126,84.93126,0.0,0.0,120000,10472925.0,0.1178116347471851,84.88126
HK.02318,2020-03-06 14:02:00,84.98126,84.98126,84.98126,84.98126,0.0,0.0,4000,349200.0,0.0,84.98126
HK.02318,2020-03-06 14:03:00,84.93126,84.88126,84.93126,84.88126,0.0,0.0,80000,6979050.0,-0.117673002259567,84.98126
HK.02318,2020-03-06 14:04:00,84.83126,84.93126,84.93126,84.83126,0.0,0.0,45000,3923675.0,0.058905817373584184,84.88126
HK.02318,2020-03-06 14:05:00,84.93126,84.93126,84.98126,84.93126,0.0,0.0,58500,5104300.0,0.0,84.93126
HK.02318,2020-03-06 14:06:00,84.88126,84.88126,84.93126,84.88126,0.0,0.0,109500,9548800.0,-0.05887113884804859,84.93126
HK.02318,2020-03-06 14:07:00,84.88126,84.93126,84.93126,84.88126,0.0,0.0,3000,261725.0,0.058905817373584184,84.88126
HK.02318,2020-03-06 14:08:00,84.88126,84.88126,84.93126,84.88126,0.0,0.0,24000,2092950.0,-0.05887113884804859,84.93126
HK.02318,2020-03-06 14:09:00,84.88126,84.93126,84.93126,84.88126,0.0,0.0,44500,3880625.0,0.058905817373584184,84.88126
HK.02318,2020-03-06 14:10:00,84.88126,84.88126,84.93126,84.88126,0.0,0.0,50000,4360075.0,-0.05887113884804859,84.93126
HK.02318,2020-03-06 14:11:00,84.88126,84.93126,84.93126,84.88126,0.0,0.0,21000,1831400.0,0.058905817373584184,84.88126
HK.02318,2020-03-06 14:12:00,84.88126,84.83126,84.93126,84.83126,0.0,0.0,42000,3662475.0,-0.11774227769609719,84.93126
HK.02318,2020-03-06 14:13:00,84.88126,84.93126,84.93126,84.88126,0.0,0.0,39500,3444700.0,0.11788107355707592,84.83126
HK.02318,2020-03-06 14:14:00,84.88126,84.98126,84.98126,84.88126,0.0,0.0,57500,5016875.0,0.05887113884806534,84.93126
HK.02318,2020-03-06 14:15:00,84.88126,84.98126,84.98126,84.88126,0.0,0.0,22500,1963175.0,0.0,84.98126
HK.02318,2020-03-06 14:16:00,84.93126,84.93126,84.93126,84.93126,0.0,0.0,35500,3097375.0,-0.058836501129791864,84.98126
HK.02318,2020-03-06 14:17:00,84.93126,84.93126,84.98126,84.88126,0.0,0.0,69500,6063600.0,0.0,84.93126
HK.02318,2020-03-06 14:18:00,84.93126,84.93126,84.98126,84.88126,0.0,0.0,147500,12869375.0,0.0,84.93126
HK.02318,2020-03-06 14:19:00,84.93126,84.98126,84.98126,84.88126,0.0,0.0,88000,7678675.0,0.05887113884806534,84.93126
HK.02318,2020-03-06 14:20:00,84.98126,84.98126,85.03126,84.93126,0.0,0.0,202500,17678100.0,0.0,84.98126
HK.02318,2020-03-06 14:21:00,84.93126,84.98126,84.98126,84.93126,0.0,0.0,21000,1832375.0,0.0,84.98126
HK.02318,2020-03-06 14:22:00,84.98126,85.03126,85.03126,84.93126,0.0,0.0,76000,6635050.0,0.05883650112977515,84.98126
HK.02318,2020-03-06 14:23:00,84.98126,85.03126,85.03126,84.98126,0.0,0.0,64500,5631075.0,0.0,85.03126
HK.02318,2020-03-06 14:24:00,84.98126,84.93126,84.98126,84.93126,0.0,0.0,95000,8290725.0,-0.1176038082935717,85.03126
HK.02318,2020-03-06 14:25:00,84.98126,84.93126,84.98126,84.93126,0.0,0.0,53500,4669725.0,0.0,84.93126
HK.02318,2020-03-06 14:26:00,84.93126,84.98126,84.98126,84.93126,0.0,0.0,137500,11997425.0,0.05887113884806534,84.93126
HK.02318,2020-03-06 14:27:00,84.98126,84.93126,84.98126,84.93126,0.0,0.0,33000,2879400.0,-0.058836501129791864,84.98126
HK.02318,2020-03-06 14:28:00,84.98126,84.98126,84.98126,84.98126,0.0,0.0,2000,174600.0,0.05887113884806534,84.93126
HK.02318,2020-03-06 14:29:00,84.93126,84.98126,85.03126,84.93126,0.0,0.0,111500,9734600.0,0.0,84.98126
HK.02318,2020-03-06 14:30:00,85.03126,84.98126,85.03126,84.98126,0.0,0.0,74000,6460725.0,0.0,84.98126
HK.02318,2020-03-06 14:31:00,84.93126,84.98126,85.03126,84.93126,0.0,0.0,84500,7377300.0,0.0,84.98126
HK.02318,2020-03-06 14:32:00,85.03126,85.03126,85.03126,84.98126,0.0,0.0,41000,3579700.0,0.05883650112977515,84.98126
HK.02318,2020-03-06 14:33:00,84.98126,84.98126,85.03126,84.93126,0.0,0.0,55500,4845250.0,-0.0588019041467775,85.03126
HK.02318,2020-03-06 14:34:00,84.93126,84.98126,84.98126,84.93126,0.0,0.0,53000,4626425.0,0.0,84.98126
HK.02318,2020-03-06 14:35:00,84.98126,85.03126,85.03126,84.93126,0.0,0.0,166500,14538000.0,0.05883650112977515,84.98126
HK.02318,2020-03-06 14:36:00,85.03126,85.03126,85.03126,84.98126,0.0,0.0,87500,7642675.0,0.0,85.03126
HK.02318,2020-03-06 14:37:00,85.03126,85.03126,85.03126,85.03126,0.0,0.0,18500,1615975.0,0.0,85.03126
HK.02318,2020-03-06 14:38:00,85.03126,84.93126,85.03126,84.93126,0.0,0.0,227500,19857900.0,-0.1176038082935717,85.03126
HK.02318,2020-03-06 14:39:00,84.93126,84.88126,84.98126,84.88126,0.0,0.0,367500,32063300.0,-0.05887113884804859,84.93126
HK.02318,2020-03-06 14:40:00,84.88126,84.93126,84.93126,84.88126,0.0,0.0,118500,10333275.0,0.058905817373584184,84.88126
HK.02318,2020-03-06 14:41:00,84.93126,84.93126,84.93126,84.88126,0.0,0.0,100500,8763775.0,0.0,84.93126
HK.02318,2020-03-06 14:42:00,84.88126,84.88126,84.93126,84.88126,0.0,0.0,11500,1003000.0,-0.05887113884804859,84.93126
HK.02318,2020-03-06 14:43:00,84.93126,84.88126,84.93126,84.88126,0.0,0.0,49500,4317800.0,0.0,84.88126
HK.02318,2020-03-06 14:44:00,84.88126,84.93126,84.93126,84.88126,0.0,0.0,107000,9331425.0,0.058905817373584184,84.88126
HK.02318,2020-03-06 14:45:00,84.88126,84.88126,84.88126,84.78126,0.0,0.0,362500,31602600.0,-0.05887113884804859,84.93126
HK.02318,2020-03-06 14:46:00,84.88126,84.93126,84.93126,84.88126,0.0,0.0,33500,2921650.0,0.058905817373584184,84.88126
HK.02318,2020-03-06 14:47:00,84.93126,85.03126,85.03126,84.93126,0.0,0.0,111500,9729000.0,0.11774227769611394,84.93126
HK.02318,2020-03-06 14:48:00,84.98126,85.03126,85.03126,84.98126,0.0,0.0,11000,960475.0,0.0,85.03126
HK.02318,2020-03-06 14:49:00,85.03126,84.98126,85.03126,84.98126,0.0,0.0,52000,4540475.0,-0.0588019041467775,85.03126
HK.02318,2020-03-06 14:50:00,85.03126,84.98126,85.03126,84.98126,0.0,0.0,20500,1790325.0,0.0,84.98126
HK.02318,2020-03-06 14:51:00,85.03126,85.08126,85.08126,84.98126,0.0,0.0,146500,12796275.0,0.1176730022595503,84.98126
HK.02318,2020-03-06 14:52:00,85.08126,85.08126,85.13126,85.08126,0.0,0.0,75000,6555100.0,0.0,85.08126
HK.02318,2020-03-06 14:53:00,85.08126,85.08126,85.08126,85.08126,0.0,0.0,11500,1005100.0,0.0,85.08126
HK.02318,2020-03-06 14:54:00,85.08126,85.08126,85.08126,85.08126,0.0,0.0,27000,2359800.0,0.0,85.08126
HK.02318,2020-03-06 14:55:00,85.08126,85.03126,85.08126,84.98126,0.0,0.0,232000,20269525.0,-0.05876734782723852,85.08126
HK.02318,2020-03-06 14:56:00,85.03126,84.98126,85.08126,84.93126,0.0,0.0,109000,9516675.0,-0.0588019041467775,85.03126
HK.02318,2020-03-06 14:57:00,84.98126,84.98126,84.98126,84.93126,0.0,0.0,69000,6023675.0,0.0,84.98126
HK.02318,2020-03-06 14:58:00,84.98126,84.98126,85.03126,84.98126,0.0,0.0,152500,13313325.0,0.0,84.98126
HK.02318,2020-03-06 14:59:00,84.98126,84.98126,84.98126,84.93126,0.0,0.0,11000,960250.0,0.0,84.98126
HK.02318,2020-03-06 15:00:00,84.98126,84.98126,85.03126,84.98126,0.0,0.0,100000,8731225.0,0.0,84.98126
HK.02318,2020-03-06 15:01:00,85.03126,84.98126,85.03126,84.93126,0.0,0.0,86000,7506850.0,0.0,84.98126
HK.02318,2020-03-06 15:02:00,84.98126,85.03126,85.03126,84.93126,0.0,0.0,66500,5804600.0,0.05883650112977515,84.98126
HK.02318,2020-03-06 15:03:00,85.03126,84.98126,85.03126,84.98126,0.0,0.0,15000,1309650.0,-0.0588019041467775,85.03126
HK.02318,2020-03-06 15:04:00,84.98126,85.03126,85.03126,84.93126,0.0,0.0,126500,11043450.0,0.05883650112977515,84.98126
HK.02318,2020-03-06 15:05:00,85.03126,85.03126,85.03126,84.98126,0.0,0.0,25000,2183350.0,0.0,85.03126
HK.02318,2020-03-06 15:06:00,85.03126,85.03126,85.03126,85.03126,0.0,0.0,18000,1572300.0,0.0,85.03126
HK.02318,2020-03-06 15:07:00,85.03126,85.03126,85.03126,85.03126,0.0,0.0,6500,567775.0,0.0,85.03126
HK.02318,2020-03-06 15:08:00,85.03126,85.03126,85.03126,84.98126,0.0,0.0,78000,6813100.0,0.0,85.03126
HK.02318,2020-03-06 15:09:00,85.03126,85.03126,85.03126,84.98126,0.0,0.0,16500,1440900.0,0.0,85.03126
HK.02318,2020-03-06 15:10:00,85.03126,85.03126,85.03126,85.03126,0.0,0.0,26000,2271100.0,0.0,85.03126
HK.02318,2020-03-06 15:11:00,85.03126,84.98126,85.03126,84.98126,0.0,0.0,42500,3710975.0,-0.0588019041467775,85.03126
HK.02318,2020-03-06 15:12:00,85.03126,84.98126,85.03126,84.93126,0.0,0.0,104500,9122800.0,0.0,84.98126
HK.02318,2020-03-06 15:13:00,84.93126,84.93126,84.98126,84.93126,0.0,0.0,22500,1963400.0,-0.058836501129791864,84.98126
HK.02318,2020-03-06 15:14:00,84.98126,84.98126,84.98126,84.93126,0.0,0.0,19500,1702300.0,0.05887113884806534,84.93126
HK.02318,2020-03-06 15:15:00,84.93126,84.93126,84.98126,84.88126,0.0,0.0,114500,9990775.0,-0.058836501129791864,84.98126
HK.02318,2020-03-06 15:16:00,84.93126,84.93126,84.93126,84.88126,0.0,0.0,17500,1526325.0,0.0,84.93126
HK.02318,2020-03-06 15:17:00,84.93126,84.98126,84.98126,84.88126,0.0,0.0,120000,10471250.0,0.05887113884806534,84.93126
HK.02318,2020-03-06 15:18:00,84.98126,84.98126,84.98126,84.98126,0.0,0.0,37000,3230100.0,0.0,84.98126
HK.02318,2020-03-06 15:19:00,84.98126,84.98126,84.98126,84.93126,0.0,0.0,40000,3491200.0,0.0,84.98126
HK.02318,2020-03-06 15:20:00,84.93126,84.98126,84.98126,84.93126,0.0,0.0,37500,3272950.0,0.0,84.98126
HK.02318,2020-03-06 15:21:00,84.98126,85.03126,85.03126,84.98126,0.0,0.0,34000,2968650.0,0.05883650112977515,84.98126
HK.02318,2020-03-06 15:22:00,85.03126,84.98126,85.03126,84.98126,0.0,0.0,26000,2271075.0,-0.0588019041467775,85.03126
HK.02318,2020-03-06 15:23:00,85.03126,85.03126,85.03126,84.98126,0.0,0.0,28500,2488250.0,0.05883650112977515,84.98126
HK.02318,2020-03-06 15:24:00,85.03126,84.93126,85.03126,84.93126,0.0,0.0,218500,19075750.0,-0.1176038082935717,85.03126
HK.02318,2020-03-06 15:25:00,84.93126,84.93126,84.98126,84.93126,0.0,0.0,7500,654475.0,0.0,84.93126
HK.02318,2020-03-06 15:26:00,84.98126,84.93126,84.98126,84.93126,0.0,0.0,47500,4144900.0,0.0,84.93126
HK.02318,2020-03-06 15:27:00,84.93126,84.93126,84.98126,84.93126,0.0,0.0,45000,3926750.0,0.0,84.93126
HK.02318,2020-03-06 15:28:00,84.98126,84.98126,84.98126,84.93126,0.0,0.0,11500,1003850.0,0.05887113884806534,84.93126
HK.02318,2020-03-06 15:29:00,84.98126,84.98126,84.98126,84.93126,0.0,0.0,255000,22261200.0,0.0,84.98126
HK.02318,2020-03-06 15:30:00,84.98126,84.98126,84.98126,84.93126,0.0,0.0,24000,2095025.0,0.0,84.98126
HK.02318,2020-03-06 15:31:00,84.98126,84.88126,84.98126,84.88126,0.0,0.0,313500,27349125.0,-0.117673002259567,84.98126
HK.02318,2020-03-06 15:32:00,84.88126,84.88126,84.93126,84.88126,0.0,0.0,10000,872075.0,0.0,84.88126
HK.02318,2020-03-06 15:33:00,84.88126,84.93126,84.93126,84.88126,0.0,0.0,35000,3052075.0,0.058905817373584184,84.88126
HK.02318,2020-03-06 15:34:00,84.93126,84.98126,84.98126,84.88126,0.0,0.0,301500,26308000.0,0.05887113884806534,84.93126
HK.02318,2020-03-06 15:35:00,84.98126,84.93126,84.98126,84.93126,0.0,0.0,95000,8291625.0,-0.058836501129791864,84.98126
HK.02318,2020-03-06 15:36:00,84.93126,84.93126,84.98126,84.93126,0.0,0.0,86000,7504000.0,0.0,84.93126
HK.02318,2020-03-06 15:37:00,84.98126,84.98126,84.98126,84.93126,0.0,0.0,171000,14927425.0,0.05887113884806534,84.93126
HK.02318,2020-03-06 15:38:00,84.98126,84.98126,84.98126,84.93126,0.0,0.0,68000,5933825.0,0.0,84.98126
HK.02318,2020-03-06 15:39:00,84.93126,84.93126,84.98126,84.93126,0.0,0.0,187000,16317275.0,-0.058836501129791864,84.98126
HK.02318,2020-03-06 15:40:00,84.93126,84.98126,84.98126,84.88126,0.0,0.0,336500,29363875.0,0.05887113884806534,84.93126
HK.02318,2020-03-06 15:41:00,84.93126,84.98126,84.98126,84.93126,0.0,0.0,40000,3490375.0,0.0,84.98126
HK.02318,2020-03-06 15:42:00,84.93126,84.98126,84.98126,84.93126,0.0,0.0,31500,2749650.0,0.0,84.98126
HK.02318,2020-03-06 15:43:00,84.98126,84.93126,84.98126,84.93126,0.0,0.0,136500,11911300.0,-0.058836501129791864,84.98126
HK.02318,2020-03-06 15:44:00,84.98126,84.93126,84.98126,84.93126,0.0,0.0,63000,5499350.0,0.0,84.93126
HK.02318,2020-03-06 15:45:00,84.93126,84.98126,84.98126,84.93126,0.0,0.0,179500,15669475.0,0.05887113884806534,84.93126
HK.02318,2020-03-06 15:46:00,84.98126,85.03126,85.08126,84.93126,0.0,0.0,204000,17815175.0,0.05883650112977515,84.98126
HK.02318,2020-03-06 15:47:00,85.03126,85.03126,85.08126,85.03126,0.0,0.0,247000,21578700.0,0.0,85.03126
HK.02318,2020-03-06 15:48:00,85.03126,84.98126,85.03126,84.98126,0.0,0.0,40500,3536600.0,-0.0588019041467775,85.03126
HK.02318,2020-03-06 15:49:00,84.98126,84.98126,85.03126,84.98126,0.0,0.0,96000,8384150.0,0.0,84.98126
HK.02318,2020-03-06 15:50:00,84.98126,84.98126,85.03126,84.98126,0.0,0.0,192500,16809900.0,0.0,84.98126
HK.02318,2020-03-06 15:51:00,84.98126,85.13126,85.13126,84.98126,0.0,0.0,260500,22758250.0,0.17650950338932545,84.98126
HK.02318,2020-03-06 15:52:00,85.13126,85.08126,85.13126,85.03126,0.0,0.0,305000,26654525.0,-0.058732832099509816,85.13126
HK.02318,2020-03-06 15:53:00,85.03126,85.08126,85.13126,85.03126,0.0,0.0,226500,19794250.0,0.0,85.08126
HK.02318,2020-03-06 15:54:00,85.08126,85.08126,85.13126,85.08126,0.0,0.0,40000,3496350.0,0.0,85.08126
HK.02318,2020-03-06 15:55:00,85.08126,85.13126,85.13126,85.08126,0.0,0.0,101000,8829400.0,0.05876734782723852,85.08126
HK.02318,2020-03-06 15:56:00,85.13126,85.08126,85.13126,85.08126,0.0,0.0,245000,21414850.0,-0.058732832099509816,85.13126
HK.02318,2020-03-06 15:57:00,85.13126,85.13126,85.13126,85.08126,0.0,0.0,149500,13070025.0,0.05876734782723852,85.08126
HK.02318,2020-03-06 15:58:00,85.13126,85.03126,85.13126,84.98126,0.0,0.0,236500,20663750.0,-0.11746566419901963,85.13126
HK.02318,2020-03-06 15:59:00,84.98126,85.08126,85.13126,84.98126,0.0,0.0,427000,37301600.0,0.0588019041467775,85.03126
HK.02318,2020-03-06 16:00:00,85.08126,85.38126,85.38126,85.03126,0.0,0.0,14526000,1273881150.0,0.35260408696344786,85.08126
